     0 5.7205 5.4323 2.0467 21.0346
     1 5.8030 5.2227 2.0338 21.2303
     2 5.8672 5.0911 2.0369 21.3578
     3 5.9245 4.9883 2.0460 21.4601
     4 5.9780 4.9022 2.0585 21.5478
     5 6.0288 4.8272 2.0733 21.6256
     6 6.0777 4.7604 2.0898 21.6962
     7 6.1251 4.7001 2.1077 21.7611
     8 6.1712 4.6449 2.1267 21.8214
     9 6.2164 4.5940 2.1466 21.8778
    10 6.2607 4.5467 2.1672 21.9310
    11 6.3042 4.5027 2.1885 21.9813
    12 6.3471 4.4614 2.2104 22.0290
    13 6.3893 4.4227 2.2329 22.0745
    14 6.4311 4.3862 2.2558 22.1180
    15 6.4724 4.3517 2.2792 22.1596
    16 6.5132 4.3190 2.3030 22.1995
    17 6.5537 4.2881 2.3271 22.2378
    18 6.5938 4.2588 2.3516 22.2747
    19 6.6335 4.2309 2.3764 22.3102
    20 6.6729 4.2044 2.4015 22.3444
    21 6.7120 4.1791 2.4269 22.3774
    22 6.7508 4.1551 2.4525 22.4093
    23 6.7894 4.1322 2.4784 22.4401
    24 6.8277 4.1104 2.5046 22.4699
    25 6.8657 4.0896 2.5309 22.4987
    26 6.9035 4.0698 2.5575 22.5266
    27 6.9411 4.0509 2.5844 22.5535
    28 6.9785 4.0329 2.6114 22.5796
    29 7.0157 4.0158 2.6386 22.6049
    30 7.0527 3.9995 2.6660 22.6294
    31 7.0895 3.9840 2.6936 22.6530
    32 7.1262 3.9692 2.7213 22.6760
    33 7.1626 3.9552 2.7493 22.6982
    34 7.1989 3.9419 2.7774 22.7197
    35 7.2351 3.9293 2.8056 22.7404
    36 7.2710 3.9173 2.8341 22.7606
    37 7.3069 3.9060 2.8626 22.7800
    38 7.3425 3.8954 2.8914 22.7988
    39 7.3781 3.8853 2.9203 22.8170
    40 7.4134 3.8759 2.9493 22.8345
    41 7.4487 3.8670 2.9785 22.8515
    42 7.4838 3.8587 3.0078 22.8678
    43 7.5188 3.8510 3.0372 22.8835
    44 7.5536 3.8438 3.0668 22.8987
    45 7.5884 3.8372 3.0965 22.9133
    46 7.6230 3.8311 3.1264 22.9273
    47 7.6574 3.8255 3.1564 22.9407
    48 7.6918 3.8204 3.1865 22.9536
    49 7.7261 3.8158 3.2168 22.9660
    50 7.7602 3.8117 3.2472 22.9778
    51 7.7942 3.8080 3.2777 22.9890
    52 7.8281 3.8049 3.3083 22.9997
    53 7.8619 3.8022 3.3391 23.0099
    54 7.8956 3.8000 3.3700 23.0196
    55 7.9292 3.7982 3.4010 23.0287
    56 7.9626 3.7969 3.4321 23.0373
    57 7.9960 3.7960 3.4634 23.0453
    58 8.0292 3.7956 3.4948 23.0529
    59 8.0624 3.7956 3.5263 23.0599
    60 8.0955 3.7961 3.5579 23.0663
    61 8.1284 3.7969 3.5897 23.0723
    62 8.1613 3.7982 3.6216 23.0777
    63 8.1940 3.7999 3.6536 23.0826
    64 8.2267 3.8021 3.6857 23.0869
    65 8.2592 3.8046 3.7180 23.0907
    66 8.2917 3.8076 3.7504 23.0940
    67 8.3241 3.8110 3.7814 23.1031
    68 8.3563 3.8148 3.8155 23.0989
    69 8.3885 3.8190 3.8483 23.1005
    70 8.4206 3.8236 3.8812 23.1016
    71 8.4526 3.8283 3.9144 23.1016
    72 8.4847 3.8330 3.9475 23.1016
    73 8.5168 3.8376 3.9807 23.1016
    74 8.5488 3.8422 4.0139 23.1016
    75 8.5809 3.8468 4.0470 23.1016
    76 8.6130 3.8514 4.0802 23.1016
    77 8.6451 3.8559 4.1133 23.1016
    78 8.6772 3.8603 4.1465 23.1016
    79 8.7093 3.8648 4.1797 23.1016
    80 8.7415 3.8692 4.2128 23.1016
    81 8.7736 3.8735 4.2460 23.1016
    82 8.8058 3.8778 4.2792 23.1016
    83 8.8385 3.8794 4.3123 23.1016
    84 8.8707 3.8837 4.3455 23.1016
    85 8.9029 3.8879 4.3786 23.1016
    86 8.9351 3.8920 4.4118 23.1016
    87 8.9672 3.8961 4.4450 23.1016
    88 8.9994 3.9002 4.4781 23.1016
    89 9.0317 3.9042 4.5113 23.1016
    90 9.0639 3.9082 4.5444 23.1016
    91 9.0961 3.9122 4.5776 23.1016
    92 9.1283 3.9161 4.6108 23.1016
    93 9.1606 3.9200 4.6439 23.1016
    94 9.1928 3.9238 4.6771 23.1016
    95 9.2251 3.9276 4.7102 23.1016
    96 9.2574 3.9314 4.7434 23.1016
    97 9.2897 3.9351 4.7766 23.1016
    98 9.3220 3.9388 4.8097 23.1016
    99 9.3543 3.9425 4.8429 23.1016
   100 9.3866 3.9461 4.8760 23.1016
   101 9.4189 3.9496 4.9092 23.1016
   102 9.4512 3.9532 4.9424 23.1016
   103 9.4836 3.9566 4.9755 23.1016
   104 9.5159 3.9601 5.0087 23.1016
   105 9.5483 3.9635 5.0419 23.1016
   106 9.5806 3.9669 5.0750 23.1016
   107 9.6130 3.9702 5.1082 23.1016
   108 9.6454 3.9735 5.1413 23.1016
   109 9.6778 3.9767 5.1745 23.1016
   110 9.7102 3.9799 5.2077 23.1016
   111 9.7426 3.9831 5.2408 23.1016
   112 9.7750 3.9863 5.2740 23.1016
   113 9.8075 3.9893 5.3071 23.1016
   114 9.8399 3.9924 5.3403 23.1016
   115 9.8724 3.9954 5.3735 23.1016
   116 9.9048 3.9984 5.4066 23.1016
   117 9.9392 3.9925 5.4398 23.1016
   118 9.9718 3.9951 5.4729 23.1016
   119 10.0043 3.9977 5.5061 23.1016
   120 10.0369 4.0003 5.5393 23.1016
   121 10.0694 4.0029 5.5724 23.1016
   122 10.1020 4.0054 5.6056 23.1016
   123 10.1346 4.0078 5.6387 23.1016
   124 10.1672 4.0103 5.6719 23.1016
   125 10.1998 4.0126 5.7051 23.1016
   126 10.2324 4.0150 5.7382 23.1016
   127 10.2650 4.0173 5.7714 23.1016
   128 10.2976 4.0195 5.8045 23.1016
   129 10.3303 4.0217 5.8377 23.1016
   130 10.3629 4.0239 5.8709 23.1016
   131 10.3956 4.0260 5.9040 23.1016
   132 10.4283 4.0281 5.9372 23.1016
   133 10.4610 4.0300 5.9704 23.1016
   134 10.4936 4.0320 6.0035 23.1016
   135 10.5264 4.0340 6.0367 23.1016
   136 10.5591 4.0359 6.0698 23.1016
   137 10.5918 4.0378 6.1030 23.1016
   138 10.6245 4.0396 6.1362 23.1016
   139 10.6573 4.0414 6.1693 23.1016
   140 10.6900 4.0431 6.2025 23.1016
   141 10.7228 4.0448 6.2356 23.1016
   142 10.7555 4.0465 6.2688 23.1016
   143 10.7883 4.0481 6.3020 23.1016
   144 10.8211 4.0496 6.3351 23.1016
   145 10.8539 4.0512 6.3683 23.1016
   146 10.8867 4.0527 6.4014 23.1016
   147 10.9195 4.0541 6.4346 23.1016
   148 10.9524 4.0555 6.4678 23.1016
   149 10.9852 4.0569 6.5009 23.1016
   150 11.0181 4.0582 6.5341 23.1016
   151 11.0509 4.0594 6.5673 23.1016
   152 11.0838 4.0607 6.6004 23.1016
   153 11.1167 4.0619 6.6336 23.1016
   154 11.1496 4.0630 6.6667 23.1016
   155 11.1825 4.0641 6.6999 23.1016
   156 11.2154 4.0652 6.7331 23.1016
   157 11.2483 4.0662 6.7662 23.1016
   158 11.2812 4.0672 6.7994 23.1016
   159 11.3142 4.0681 6.8325 23.1016
   160 11.3471 4.0690 6.8657 23.1016
   161 11.3801 4.0698 6.8989 23.1016
   162 11.4131 4.0706 6.9320 23.1016
   163 11.4460 4.0714 6.9652 23.1016
   164 11.4790 4.0721 6.9983 23.1016
   165 11.5120 4.0728 7.0315 23.1016
   166 11.5451 4.0733 7.0647 23.1016
   167 11.5781 4.0739 7.0978 23.1016
   168 11.6111 4.0745 7.1310 23.1016
   169 11.6442 4.0750 7.1641 23.1016
   170 11.6772 4.0754 7.1973 23.1016
   171 11.7103 4.0759 7.2305 23.1016
   172 11.7434 4.0762 7.2636 23.1016
   173 11.7764 4.0766 7.2968 23.1016
   174 11.8095 4.0768 7.3299 23.1016
   175 11.8426 4.0771 7.3631 23.1016
   176 11.8757 4.0773 7.3963 23.1016
   177 11.9089 4.0775 7.4294 23.1016
   178 11.9420 4.0776 7.4626 23.1016
   179 11.9751 4.0776 7.4958 23.1016
   180 12.0083 4.0777 7.5289 23.1016
   181 12.0415 4.0777 7.5621 23.1016
   182 12.0746 4.0776 7.5952 23.1016
   183 12.1078 4.0775 7.6284 23.1016
   184 12.1410 4.0773 7.6616 23.1016
   185 12.1742 4.0771 7.6947 23.1016
   186 12.2074 4.0769 7.7279 23.1016
   187 12.2407 4.0766 7.7610 23.1016
   188 12.2739 4.0763 7.7942 23.1016
   189 12.3072 4.0759 7.8274 23.1016
   190 12.3404 4.0755 7.8605 23.1016
   191 12.3737 4.0751 7.8937 23.1016
   192 12.4070 4.0746 7.9268 23.1016
   193 12.4402 4.0740 7.9600 23.1016
   194 12.4735 4.0734 7.9932 23.1016
   195 12.5069 4.0728 8.0263 23.1016
   196 12.5412 4.0684 8.0595 23.1016
   197 12.5744 4.0681 8.0926 23.1016
   198 12.6077 4.0678 8.1258 23.1016
   199 12.6410 4.0673 8.1590 23.1016
   200 12.6742 4.0669 8.1921 23.1016
   201 12.7075 4.0664 8.2253 23.1016
   202 12.7408 4.0659 8.2584 23.1016
   203 12.7737 4.0660 8.2916 23.1016
   204 12.8072 4.0650 8.3248 23.1016
   205 12.8406 4.0639 8.3579 23.1016
   206 12.8740 4.0627 8.3911 23.1016
   207 12.9074 4.0616 8.4243 23.1016
   208 12.9409 4.0603 8.4574 23.1016
   209 12.9743 4.0591 8.4906 23.1016
   210 13.0078 4.0578 8.5237 23.1016
   211 13.0413 4.0564 8.5569 23.1016
   212 13.0748 4.0550 8.5901 23.1016
   213 13.1083 4.0536 8.6232 23.1016
   214 13.1418 4.0521 8.6564 23.1016
   215 13.1753 4.0505 8.6895 23.1016
   216 13.2088 4.0490 8.7227 23.1016
   217 13.2424 4.0473 8.7559 23.1016
   218 13.2759 4.0457 8.7890 23.1016
   219 13.3095 4.0439 8.8222 23.1016
   220 13.3431 4.0422 8.8553 23.1016
   221 13.3767 4.0404 8.8885 23.1016
   222 13.4103 4.0385 8.9217 23.1016
   223 13.4439 4.0366 8.9548 23.1016
   224 13.4775 4.0347 8.9880 23.1016
   225 13.5111 4.0327 9.0211 23.1016
   226 13.5448 4.0306 9.0543 23.1016
   227 13.5784 4.0286 9.0875 23.1016
   228 13.6121 4.0264 9.1206 23.1016
   229 13.6458 4.0243 9.1538 23.1016
   230 13.6794 4.0220 9.1870 23.1016
   231 13.7131 4.0198 9.2201 23.1016
   232 13.7468 4.0175 9.2533 23.1016
   233 13.7806 4.0151 9.2864 23.1016
   234 13.8143 4.0127 9.3196 23.1016
   235 13.8480 4.0102 9.3528 23.1016
   236 13.8818 4.0077 9.3859 23.1016
   237 13.9155 4.0052 9.4191 23.1016
   238 13.9493 4.0026 9.4522 23.1016
   239 13.9831 4.0000 9.4854 23.1016
   240 14.0169 3.9973 9.5186 23.1016
   241 14.0507 3.9945 9.5517 23.1016
   242 14.0845 3.9918 9.5849 23.1016
   243 14.1183 3.9889 9.6180 23.1016
   244 14.1522 3.9861 9.6512 23.1016
   245 14.1860 3.9831 9.6844 23.1016
   246 14.2199 3.9802 9.7175 23.1016
   247 14.2537 3.9771 9.7507 23.1016
   248 14.2876 3.9741 9.7838 23.1016
   249 14.3215 3.9710 9.8170 23.1016
   250 14.3554 3.9678 9.8502 23.1016
   251 14.3893 3.9646 9.8833 23.1016
   252 14.4233 3.9614 9.9165 23.1016
   253 14.4572 3.9581 9.9497 23.1016
   254 14.4912 3.9547 9.9828 23.1016
   255 14.5251 3.9513 10.0160 23.1016
   256 14.5591 3.9479 10.0491 23.1016
   257 14.5931 3.9444 10.0823 23.1016
   258 14.6271 3.9409 10.1155 23.1016
   259 14.6611 3.9373 10.1486 23.1016
   260 14.6951 3.9336 10.1818 23.1016
   261 14.7291 3.9300 10.2149 23.1016
   262 14.7631 3.9262 10.2481 23.1016
   263 14.7972 3.9224 10.2813 23.1016
   264 14.8313 3.9186 10.3144 23.1016
   265 14.8653 3.9147 10.3476 23.1016
   266 14.8994 3.9108 10.3807 23.1016
   267 14.9335 3.9069 10.4139 23.1016
   268 14.9676 3.9028 10.4471 23.1016
   269 15.0017 3.8988 10.4802 23.1016
   270 15.0359 3.8946 10.5134 23.1016
   271 15.0700 3.8905 10.5465 23.1016
   272 15.1042 3.8863 10.5797 23.1016
   273 15.1383 3.8820 10.6129 23.1016
   274 15.1725 3.8777 10.6460 23.1016
   275 15.2067 3.8733 10.6792 23.1016
   276 15.2409 3.8689 10.7124 23.1016
   277 15.2751 3.8645 10.7455 23.1016
   278 15.3093 3.8599 10.7787 23.1016
   279 15.3436 3.8554 10.8118 23.1016
   280 15.3778 3.8508 10.8450 23.1016
   281 15.4121 3.8461 10.8782 23.1016
   282 15.4463 3.8414 10.9113 23.1016
   283 15.4806 3.8367 10.9445 23.1016
   284 15.5149 3.8319 10.9776 23.1016
   285 15.5492 3.8269 11.0108 23.1016
   286 15.5835 3.8220 11.0440 23.1016
   287 15.6179 3.8171 11.0771 23.1016
   288 15.6522 3.8121 11.1103 23.1016
   289 15.6865 3.8074 11.1434 23.1016
   290 15.7206 3.8032 11.1766 23.1016
   291 15.7547 3.7994 11.2098 23.1016
   292 15.7886 3.7961 11.2429 23.1017
   293 15.8224 3.7934 11.2761 23.1017
   294 15.8561 3.7911 11.3092 23.1017
   295 15.8897 3.7893 11.3424 23.1017
   296 15.9232 3.7880 11.3756 23.1017
   297 15.9565 3.7872 11.4087 23.1017
   298 15.9898 3.7868 11.4419 23.1016
   299 16.0229 3.7868 11.4750 23.1018
   300 16.0559 3.7873 11.5081 23.1020
   301 16.0889 3.7883 11.5412 23.1021
   302 16.1217 3.7897 11.5744 23.1023
   303 16.1544 3.7916 11.6075 23.1025
   304 16.1870 3.7939 11.6406 23.1027
   305 16.2196 3.7966 11.6740 23.1016
   306 16.2520 3.7997 11.7072 23.1016
   307 16.2843 3.8032 11.7403 23.1016
   308 16.3166 3.8072 11.7735 23.1016
   309 16.3487 3.8117 11.8067 23.1016
   310 16.3807 3.8166 11.8398 23.1016
   311 16.4126 3.8219 11.8730 23.1016
   312 16.4444 3.8276 11.9061 23.1016
   313 16.4731 3.8472 11.9393 23.1016
   314 16.5055 3.8506 11.9725 23.1016
   315 16.5377 3.8545 12.0056 23.1016
   316 16.5699 3.8587 12.0388 23.1016
   317 16.6020 3.8634 12.0719 23.1016
   318 16.6339 3.8684 12.1051 23.1016
   319 16.6658 3.8739 12.1383 23.1016
   320 16.6976 3.8797 12.1714 23.1016
   321 16.7293 3.8860 12.2046 23.1016
   322 16.7609 3.8926 12.2378 23.1016
   323 16.7924 3.8997 12.2709 23.1016
   324 16.8238 3.9071 12.3041 23.1016
   325 16.8548 3.9163 12.3372 23.1016
   326 16.8852 3.9279 12.3704 23.1016
   327 16.9155 3.9399 12.4036 23.1016
   328 16.9458 3.9523 12.4367 23.1016
   329 16.9759 3.9652 12.4699 23.1016
   330 17.0059 3.9785 12.5030 23.1016
   331 17.0359 3.9923 12.5362 23.1016
   332 17.0657 4.0065 12.5694 23.1016
   333 17.0954 4.0211 12.6025 23.1016
   334 17.1250 4.0362 12.6357 23.1016
   335 17.1545 4.0518 12.6688 23.1016
   336 17.1839 4.0678 12.7020 23.1016
   337 17.2132 4.0842 12.7352 23.1016
   338 17.2423 4.1012 12.7683 23.1016
   339 17.2714 4.1186 12.8015 23.1016
   340 17.3003 4.1365 12.8346 23.1016
   341 17.3292 4.1550 12.8678 23.1016
   342 17.3579 4.1739 12.9010 23.1016
   343 17.3865 4.1933 12.9341 23.1016
   344 17.4149 4.2132 12.9673 23.1016
   345 17.4433 4.2336 13.0005 23.1016
   346 17.4715 4.2546 13.0336 23.1016
   347 17.4996 4.2762 13.0668 23.1016
   348 17.5275 4.2982 13.0999 23.1016
   349 17.5554 4.3209 13.1331 23.1016
   350 17.5831 4.3441 13.1663 23.1016
   351 17.6106 4.3679 13.1994 23.1016
   352 17.6369 4.3974 13.2326 23.1017
   353 17.6641 4.4225 13.2657 23.1017
   354 17.6912 4.4482 13.2989 23.1017
   355 17.7182 4.4745 13.3321 23.1017
   356 17.7450 4.5015 13.3652 23.1017
   357 17.7716 4.5292 13.3984 23.1017
   358 17.7981 4.5576 13.4315 23.1017
   359 17.8244 4.5867 13.4647 23.1017
   360 17.8505 4.6166 13.4979 23.1017
   361 17.8765 4.6473 13.5310 23.1018
   362 17.9022 4.6788 13.5642 23.1018
   363 17.9277 4.7112 13.5973 23.1018
   364 17.9531 4.7444 13.6305 23.1018
   365 17.9782 4.7786 13.6637 23.1018
   366 18.0031 4.8137 13.6968 23.1018
   367 18.0277 4.8499 13.7300 23.1018
   368 18.0521 4.8871 13.7631 23.1018
   369 18.0763 4.9254 13.7963 23.1018
   370 18.1001 4.9649 13.8295 23.1018
   371 18.1237 5.0057 13.8626 23.1018
   372 18.1469 5.0477 13.8958 23.1018
   373 18.1699 5.0913 13.9290 23.1018
   374 18.1924 5.1363 13.9621 23.1018
   375 18.2146 5.1830 13.9953 23.1018
   376 18.2363 5.2314 14.0284 23.1018
   377 18.2576 5.2819 14.0616 23.1018
   378 18.2784 5.3344 14.0948 23.1018
   379 18.2987 5.3893 14.1279 23.1018
   380 18.3183 5.4468 14.1611 23.1018
   381 18.3372 5.5072 14.1942 23.1018
   382 18.3553 5.5710 14.2274 23.1018
   383 18.3725 5.6388 14.2606 23.1018
   384 18.3891 5.7092 14.2937 23.1018
   385 18.4057 5.7796 14.3269 23.1018
   386 18.4223 5.8500 14.3600 23.1018
   387 18.4389 5.9204 14.3932 23.1018
   388 18.4555 5.9908 14.4264 23.1018
   389 18.4720 6.0612 14.4595 23.1018
   390 18.4886 6.1317 14.4927 23.1018
   391 18.5052 6.2021 14.5258 23.1018
   392 18.5218 6.2725 14.5590 23.1018
   393 18.5384 6.3429 14.5922 23.1018
   394 18.5549 6.4133 14.6253 23.1018
   395 18.5715 6.4837 14.6585 23.1018
   396 18.5881 6.5541 14.6917 23.1018
   397 18.6047 6.6246 14.7248 23.1018
   398 18.6213 6.6950 14.7580 23.1018
   399 18.6378 6.7654 14.7911 23.1018
   400 18.6544 6.8358 14.8243 23.1018
   401 18.6710 6.9062 14.8575 23.1018
   402 18.6876 6.9766 14.8906 23.1018
   403 18.7042 7.0470 14.9238 23.1018
   404 18.7207 7.1175 14.9569 23.1018
   405 18.7373 7.1879 14.9901 23.1018
   406 18.7539 7.2583 15.0233 23.1018
   407 18.7705 7.3287 15.0564 23.1018
   408 18.7871 7.3991 15.0896 23.1018
   409 18.8036 7.4695 15.1227 23.1018
   410 18.8202 7.5399 15.1559 23.1018
   411 18.8368 7.6104 15.1891 23.1018
   412 18.8534 7.6808 15.2222 23.1018
   413 18.8700 7.7512 15.2554 23.1018
   414 18.8865 7.8216 15.2885 23.1018
   415 18.9031 7.8920 15.3217 23.1018
   416 18.9197 7.9624 15.3549 23.1018
   417 18.9363 8.0329 15.3880 23.1018
   418 18.9529 8.1033 15.4212 23.1018
   419 18.9694 8.1737 15.4543 23.1018
   420 18.9860 8.2441 15.4875 23.1018
   421 19.0026 8.3145 15.5207 23.1018
   422 19.0192 8.3849 15.5538 23.1018
   423 19.0358 8.4553 15.5870 23.1018
   424 19.0524 8.5258 15.6202 23.1018
   425 19.0689 8.5962 15.6533 23.1018
   426 19.0855 8.6666 15.6865 23.1018
   427 19.1021 8.7370 15.7196 23.1018
   428 19.1187 8.8074 15.7528 23.1018
   429 19.1353 8.8778 15.7860 23.1018
   430 19.1518 8.9482 15.8191 23.1018
   431 19.1684 9.0187 15.8523 23.1018
   432 19.1850 9.0891 15.8854 23.1018
   433 19.2016 9.1595 15.9186 23.1018
   434 19.2182 9.2299 15.9518 23.1018
   435 19.2347 9.3003 15.9849 23.1018
   436 19.2513 9.3707 16.0181 23.1018
   437 19.2679 9.4411 16.0512 23.1018
   438 19.2845 9.5116 16.0844 23.1018
   439 19.3011 9.5820 16.1176 23.1018
   440 19.3176 9.6524 16.1507 23.1018
   441 19.3342 9.7228 16.1839 23.1018
   442 19.3508 9.7932 16.2170 23.1018
   443 19.3674 9.8636 16.2502 23.1018
   444 19.3840 9.9340 16.2834 23.1018
   445 19.4005 10.0045 16.3165 23.1018
   446 19.4171 10.0749 16.3497 23.1018
   447 19.4337 10.1453 16.3829 23.1018
   448 19.4503 10.2157 16.4160 23.1018
   449 19.4669 10.2861 16.4492 23.1018
   450 19.4834 10.3565 16.4823 23.1018
   451 19.5000 10.4270 16.5155 23.1018
   452 19.5166 10.4974 16.5487 23.1018
   453 19.5332 10.5678 16.5818 23.1018
   454 19.5498 10.6382 16.6150 23.1018
   455 19.5663 10.7086 16.6481 23.1018
   456 19.5829 10.7790 16.6813 23.1018
   457 19.5995 10.8494 16.7145 23.1018
   458 19.6161 10.9199 16.7476 23.1018
   459 19.6327 10.9903 16.7808 23.1018
   460 19.6492 11.0607 16.8139 23.1018
   461 19.6658 11.1311 16.8471 23.1018
   462 19.6824 11.2015 16.8803 23.1018
   463 19.6990 11.2719 16.9134 23.1018
   464 19.7156 11.3423 16.9466 23.1018
   465 19.7322 11.4128 16.9797 23.1018
   466 19.7487 11.4832 17.0129 23.1018
   467 19.7653 11.5536 17.0461 23.1018
   468 19.7819 11.6240 17.0792 23.1018
   469 19.7985 11.6944 17.1124 23.1018
   470 19.8151 11.7648 17.1456 23.1018
   471 19.8316 11.8352 17.1787 23.1018
   472 19.8482 11.9057 17.2119 23.1018
   473 19.8648 11.9761 17.2450 23.1018
   474 19.8814 12.0465 17.2782 23.1018
   475 19.8980 12.1169 17.3114 23.1018
   476 19.9145 12.1873 17.3445 23.1018
   477 19.9311 12.2577 17.3777 23.1018
   478 19.9477 12.3282 17.4108 23.1018
   479 19.9643 12.3986 17.4440 23.1018
   480 19.9809 12.4690 17.4772 23.1018
   481 19.9974 12.5394 17.5103 23.1018
   482 20.0140 12.6098 17.5435 23.1018
   483 20.0306 12.6802 17.5766 23.1018
   484 20.0472 12.7506 17.6098 23.1018
   485 20.0638 12.8211 17.6430 23.1018
   486 20.0803 12.8915 17.6761 23.1018
   487 20.0969 12.9619 17.7093 23.1018
   488 20.1135 13.0323 17.7424 23.1018
   489 20.1301 13.1027 17.7756 23.1018
   490 20.1467 13.1731 17.8088 23.1018
   491 20.1632 13.2435 17.8419 23.1018
   492 20.1798 13.3140 17.8751 23.1018
   493 20.1964 13.3844 17.9083 23.1018
   494 20.2130 13.4548 17.9414 23.1018
   495 20.2296 13.5252 17.9746 23.1018
   496 20.2461 13.5956 18.0077 23.1018
   497 20.2627 13.6660 18.0409 23.1018
   498 20.2793 13.7364 18.0741 23.1018
   499 20.2959 13.8069 18.1072 23.1018
   500 20.3125 13.8773 18.1404 23.1018
   501 20.3290 13.9477 18.1735 23.1018
   502 20.3456 14.0181 18.2067 23.1018
   503 20.3622 14.0885 18.2399 23.1018
   504 20.3788 14.1589 18.2730 23.1018
   505 20.3954 14.2294 18.3062 23.1018
   506 20.4120 14.2998 18.3393 23.1018
   507 20.4285 14.3702 18.3725 23.1018
   508 20.4451 14.4406 18.4057 23.1018
   509 20.4617 14.5110 18.4388 23.1018
   510 20.4783 14.5814 18.4720 23.1018
   511 20.4949 14.6518 18.5051 23.1018
   512 20.5114 14.7223 18.5383 23.1018
   513 20.5280 14.7927 18.5715 23.1018
   514 20.5446 14.8631 18.6046 23.1018
   515 20.5612 14.9335 18.6378 23.1018
   516 20.5778 15.0039 18.6709 23.1018
   517 20.5943 15.0743 18.7041 23.1018
   518 20.6109 15.1447 18.7373 23.1018
   519 20.6275 15.2152 18.7704 23.1018
   520 20.6441 15.2856 18.8036 23.1018
   521 20.6607 15.3560 18.8368 23.1018
   522 20.6772 15.4264 18.8699 23.1018
   523 20.6938 15.4968 18.9031 23.1018
   524 20.7104 15.5672 18.9362 23.1018
   525 20.7270 15.6376 18.9694 23.1018
   526 20.7436 15.7081 19.0026 23.1018
   527 20.7601 15.7785 19.0357 23.1018
   528 20.7767 15.8489 19.0689 23.1018
   529 20.7933 15.9193 19.1020 23.1018
   530 20.8099 15.9897 19.1352 23.1018
   531 20.8265 16.0601 19.1684 23.1018
   532 20.8430 16.1305 19.2015 23.1018
   533 20.8596 16.2010 19.2347 23.1018
   534 20.8762 16.2714 19.2678 23.1018
   535 20.8928 16.3418 19.3010 23.1018
   536 20.9094 16.4122 19.3342 23.1018
   537 20.9259 16.4826 19.3673 23.1018
   538 20.9425 16.5530 19.4005 23.1018
   539 20.9591 16.6235 19.4336 23.1018
   540 20.9757 16.6939 19.4668 23.1018
   541 20.9923 16.7643 19.5000 23.1018
   542 21.0088 16.8347 19.5331 23.1018
   543 21.0254 16.9051 19.5663 23.1018
   544 21.0420 16.9755 19.5995 23.1018
   545 21.0586 17.0459 19.6326 23.1018
   546 21.0752 17.1164 19.6658 23.1018
   547 21.0918 17.1868 19.6989 23.1018
   548 21.1083 17.2572 19.7321 23.1018
   549 21.1249 17.3276 19.7653 23.1018
   550 21.1415 17.3980 19.7984 23.1018
   551 21.1581 17.4684 19.8316 23.1018
   552 21.1747 17.5388 19.8647 23.1018
   553 21.1912 17.6093 19.8979 23.1018
   554 21.2078 17.6797 19.9311 23.1018
   555 21.2244 17.7501 19.9642 23.1019
   556 21.2410 17.8205 19.9974 23.1019
   557 21.2576 17.8909 20.0305 23.1019
   558 21.2741 17.9613 20.0637 23.1019
   559 21.2907 18.0317 20.0969 23.1019
   560 21.3073 18.1022 20.1300 23.1019
   561 21.3239 18.1726 20.1632 23.1019
   562 21.3405 18.2430 20.1963 23.1019
   563 21.3570 18.3134 20.2287 23.1052
   564 21.3736 18.3838 20.2623 23.1035
   565 21.3902 18.4542 20.2960 23.1012
   566 21.4068 18.5247 20.3298 23.0983
   567 21.4234 18.5951 20.3638 23.0947
   568 21.4399 18.6655 20.3980 23.0904
   569 21.4565 18.7359 20.4323 23.0855
   570 21.4731 18.8063 20.4668 23.0799
   571 21.4897 18.8767 20.5014 23.0736
   572 21.5063 18.9471 20.5363 23.0666
   573 21.5228 19.0176 20.5713 23.0588
   574 21.5394 19.0880 20.6064 23.0503
   575 21.5560 19.1584 20.6418 23.0410
   576 21.5726 19.2288 20.6773 23.0308
   577 21.5892 19.2992 20.7131 23.0199
   578 21.6057 19.3696 20.7490 23.0080
   579 21.6223 19.4400 20.7852 22.9953
   580 21.6389 19.5105 20.8216 22.9816
   581 21.6555 19.5809 20.8582 22.9670
   582 21.6721 19.6513 20.8950 22.9513
   583 21.6886 19.7217 20.9321 22.9345
   584 21.7052 19.7921 20.9695 22.9166
   585 21.7218 19.8625 21.0072 22.8975
   586 21.7384 19.9329 21.0451 22.8772
   587 21.7550 20.0034 21.0834 22.8555
   588 21.7716 20.0738 21.1220 22.8324
   589 21.7881 20.1442 21.1610 22.8077
   590 21.8047 20.2146 21.2003 22.7813
   591 21.8213 20.2850 21.2401 22.7532
   592 21.8379 20.3554 21.2804 22.7230
   593 21.8545 20.4259 21.3211 22.6907
   594 21.8710 20.4963 21.3625 22.6560
   595 21.8876 20.5667 21.4045 22.6185
   596 21.9042 20.6371 21.4472 22.5778
   597 21.9208 20.7075 21.4908 22.5336
   598 21.9374 20.7779 21.5354 22.4851
   599 21.9539 20.8486 21.5812 22.4314
   600 21.9694 20.9234 21.6285 22.3712
   601 21.9829 21.0069 21.6778 22.3025
   602 21.9936 21.1024 21.7300 22.2218
   603 21.9998 21.2168 21.7866 22.1222
   604 21.9682 21.4922 21.8812 21.8616
