     0 2.0476 21.4922 2.1345 21.8616
     1 2.0452 21.3411 2.1999 21.9979
     2 2.0445 21.1971 2.2634 22.1271
     3 2.0516 21.0868 2.3191 22.2226
     4 2.0629 20.9939 2.3706 22.3007
     5 2.0769 20.9123 2.4195 22.3675
     6 2.0928 20.8391 2.4665 22.4261
     7 2.1093 20.7685 2.5120 22.4785
     8 2.1259 20.6981 2.5563 22.5259
     9 2.1425 20.6277 2.5996 22.5691
    10 2.1591 20.5572 2.6422 22.6088
    11 2.1757 20.4868 2.6839 22.6455
    12 2.1922 20.4164 2.7251 22.6794
    13 2.2088 20.3460 2.7657 22.7110
    14 2.2254 20.2756 2.8058 22.7405
    15 2.2420 20.2052 2.8454 22.7680
    16 2.2586 20.1348 2.8846 22.7937
    17 2.2751 20.0643 2.9235 22.8177
    18 2.2917 19.9939 2.9619 22.8403
    19 2.3083 19.9235 3.0001 22.8614
    20 2.3249 19.8531 3.0379 22.8812
    21 2.3415 19.7827 3.0754 22.8997
    22 2.3580 19.7123 3.1127 22.9171
    23 2.3746 19.6419 3.1497 22.9333
    24 2.3912 19.5714 3.1864 22.9485
    25 2.4078 19.5010 3.2229 22.9627
    26 2.4244 19.4306 3.2592 22.9758
    27 2.4409 19.3602 3.2952 22.9881
    28 2.4575 19.2898 3.3310 22.9994
    29 2.4741 19.2194 3.3667 23.0099
    30 2.4907 19.1489 3.4021 23.0196
    31 2.5073 19.0785 3.4373 23.0284
    32 2.5238 19.0081 3.4724 23.0365
    33 2.5404 18.9377 3.5073 23.0438
    34 2.5570 18.8673 3.5420 23.0503
    35 2.5736 18.7969 3.5765 23.0562
    36 2.5902 18.7265 3.6109 23.0613
    37 2.6067 18.6560 3.6451 23.0657
    38 2.6233 18.5856 3.6791 23.0695
    39 2.6399 18.5152 3.7130 23.0726
    40 2.6565 18.4448 3.7468 23.0751
    41 2.6731 18.3744 3.7804 23.0769
    42 2.6896 18.3040 3.8138 23.0781
    43 2.7062 18.2336 3.8471 23.0787
    44 2.7228 18.1631 3.8803 23.0787
    45 2.7394 18.0927 3.9134 23.0787
    46 2.7560 18.0223 3.9466 23.0787
    47 2.7726 17.9519 3.9798 23.0787
    48 2.7891 17.8815 4.0129 23.0787
    49 2.8057 17.8111 4.0461 23.0787
    50 2.8223 17.7407 4.0792 23.0787
    51 2.8389 17.6702 4.1124 23.0787
    52 2.8555 17.5998 4.1456 23.0787
    53 2.8720 17.5294 4.1787 23.0787
    54 2.8886 17.4590 4.2119 23.0787
    55 2.9052 17.3886 4.2450 23.0787
    56 2.9218 17.3182 4.2782 23.0787
    57 2.9384 17.2477 4.3114 23.0787
    58 2.9549 17.1773 4.3445 23.0787
    59 2.9715 17.1069 4.3777 23.0787
    60 2.9881 17.0365 4.4109 23.0787
    61 3.0047 16.9661 4.4440 23.0787
    62 3.0213 16.8957 4.4772 23.0787
    63 3.0378 16.8253 4.5103 23.0787
    64 3.0544 16.7548 4.5435 23.0787
    65 3.0710 16.6844 4.5767 23.0787
    66 3.0876 16.6140 4.6098 23.0787
    67 3.1042 16.5436 4.6430 23.0787
    68 3.1207 16.4732 4.6761 23.0787
    69 3.1373 16.4028 4.7093 23.0787
    70 3.1539 16.3324 4.7425 23.0787
    71 3.1705 16.2619 4.7756 23.0787
    72 3.1871 16.1915 4.8088 23.0787
    73 3.2036 16.1211 4.8419 23.0787
    74 3.2202 16.0507 4.8751 23.0787
    75 3.2368 15.9803 4.9083 23.0787
    76 3.2534 15.9099 4.9414 23.0787
    77 3.2700 15.8395 4.9746 23.0787
    78 3.2865 15.7690 5.0078 23.0787
    79 3.3031 15.6986 5.0409 23.0787
    80 3.3197 15.6282 5.0741 23.0787
    81 3.3363 15.5578 5.1072 23.0787
    82 3.3529 15.4874 5.1404 23.0787
    83 3.3694 15.4170 5.1736 23.0787
    84 3.3860 15.3466 5.2067 23.0787
    85 3.4026 15.2761 5.2399 23.0787
    86 3.4192 15.2057 5.2730 23.0787
    87 3.4358 15.1353 5.3062 23.0787
    88 3.4524 15.0649 5.3394 23.0787
    89 3.4689 14.9945 5.3725 23.0787
    90 3.4855 14.9241 5.4057 23.0787
    91 3.5021 14.8536 5.4388 23.0787
    92 3.5187 14.7832 5.4720 23.0787
    93 3.5353 14.7128 5.5052 23.0787
    94 3.5518 14.6424 5.5383 23.0787
    95 3.5684 14.5720 5.5715 23.0787
    96 3.5850 14.5016 5.6046 23.0787
    97 3.6016 14.4312 5.6378 23.0787
    98 3.6182 14.3607 5.6710 23.0787
    99 3.6347 14.2903 5.7041 23.0787
   100 3.6513 14.2199 5.7373 23.0787
   101 3.6679 14.1495 5.7705 23.0787
   102 3.6845 14.0791 5.8036 23.0787
   103 3.7011 14.0087 5.8368 23.0787
   104 3.7176 13.9383 5.8699 23.0787
   105 3.7342 13.8678 5.9031 23.0787
   106 3.7508 13.7974 5.9363 23.0787
   107 3.7674 13.7270 5.9694 23.0787
   108 3.7840 13.6566 6.0026 23.0787
   109 3.8005 13.5862 6.0357 23.0787
   110 3.8171 13.5158 6.0689 23.0787
   111 3.8337 13.4454 6.1021 23.0787
   112 3.8503 13.3749 6.1352 23.0787
   113 3.8669 13.3045 6.1684 23.0787
   114 3.8834 13.2341 6.2015 23.0787
   115 3.9000 13.1637 6.2347 23.0787
   116 3.9166 13.0933 6.2679 23.0787
   117 3.9332 13.0229 6.3010 23.0787
   118 3.9498 12.9524 6.3342 23.0787
   119 3.9663 12.8820 6.3674 23.0787
   120 3.9829 12.8116 6.4005 23.0787
   121 3.9995 12.7412 6.4337 23.0787
   122 4.0161 12.6708 6.4668 23.0787
   123 4.0327 12.6004 6.5000 23.0787
   124 4.0492 12.5300 6.5332 23.0787
   125 4.0658 12.4595 6.5663 23.0787
   126 4.0824 12.3891 6.5995 23.0787
   127 4.0990 12.3187 6.6326 23.0787
   128 4.1156 12.2483 6.6658 23.0787
   129 4.1322 12.1779 6.6990 23.0787
   130 4.1487 12.1075 6.7321 23.0787
   131 4.1653 12.0371 6.7653 23.0787
   132 4.1819 11.9666 6.7984 23.0787
   133 4.1985 11.8962 6.8316 23.0787
   134 4.2151 11.8258 6.8648 23.0787
   135 4.2316 11.7554 6.8979 23.0787
   136 4.2482 11.6850 6.9311 23.0787
   137 4.2648 11.6146 6.9642 23.0787
   138 4.2814 11.5442 6.9974 23.0787
   139 4.2980 11.4737 7.0306 23.0787
   140 4.3145 11.4033 7.0637 23.0787
   141 4.3311 11.3329 7.0969 23.0787
   142 4.3477 11.2625 7.1301 23.0787
   143 4.3643 11.1921 7.1632 23.0787
   144 4.3809 11.1217 7.1964 23.0787
   145 4.3974 11.0513 7.2295 23.0787
   146 4.4140 10.9808 7.2627 23.0787
   147 4.4306 10.9104 7.2959 23.0787
   148 4.4472 10.8400 7.3290 23.0787
   149 4.4638 10.7696 7.3622 23.0787
   150 4.4803 10.6992 7.3953 23.0787
   151 4.4969 10.6288 7.4285 23.0787
   152 4.5135 10.5583 7.4617 23.0787
   153 4.5301 10.4879 7.4948 23.0787
   154 4.5467 10.4175 7.5280 23.0787
   155 4.5632 10.3471 7.5611 23.0787
   156 4.5798 10.2767 7.5943 23.0787
   157 4.5964 10.2063 7.6275 23.0787
   158 4.6130 10.1359 7.6606 23.0787
   159 4.6296 10.0654 7.6938 23.0787
   160 4.6461 9.9950 7.7269 23.0787
   161 4.6627 9.9246 7.7601 23.0787
   162 4.6793 9.8542 7.7933 23.0787
   163 4.6959 9.7838 7.8264 23.0787
   164 4.7125 9.7134 7.8596 23.0787
   165 4.7290 9.6430 7.8928 23.0787
   166 4.7456 9.5725 7.9259 23.0787
   167 4.7622 9.5021 7.9591 23.0787
   168 4.7788 9.4317 7.9922 23.0787
   169 4.7954 9.3613 8.0254 23.0787
   170 4.8119 9.2909 8.0586 23.0787
   171 4.8285 9.2205 8.0917 23.0787
   172 4.8451 9.1501 8.1249 23.0787
   173 4.8617 9.0796 8.1580 23.0787
   174 4.8783 9.0092 8.1912 23.0787
   175 4.8949 8.9388 8.2244 23.0787
   176 4.9114 8.8684 8.2575 23.0787
   177 4.9280 8.7980 8.2907 23.0787
   178 4.9446 8.7276 8.3238 23.0787
   179 4.9612 8.6571 8.3570 23.0787
   180 4.9778 8.5867 8.3902 23.0787
   181 4.9943 8.5163 8.4233 23.0787
   182 5.0109 8.4459 8.4565 23.0787
   183 5.0275 8.3755 8.4897 23.0787
   184 5.0441 8.3051 8.5228 23.0787
   185 5.0607 8.2347 8.5560 23.0787
   186 5.0772 8.1642 8.5891 23.0787
   187 5.0938 8.0938 8.6223 23.0787
   188 5.1104 8.0234 8.6555 23.0787
   189 5.1270 7.9530 8.6886 23.0787
   190 5.1436 7.8826 8.7218 23.0787
   191 5.1601 7.8122 8.7549 23.0787
   192 5.1767 7.7418 8.7881 23.0787
   193 5.1933 7.6713 8.8213 23.0787
   194 5.2099 7.6009 8.8544 23.0787
   195 5.2265 7.5305 8.8876 23.0787
   196 5.2430 7.4601 8.9207 23.0787
   197 5.2596 7.3897 8.9539 23.0787
   198 5.2762 7.3193 8.9871 23.0787
   199 5.2928 7.2489 9.0202 23.0787
   200 5.3094 7.1784 9.0534 23.0787
   201 5.3259 7.1080 9.0865 23.0787
   202 5.3425 7.0376 9.1197 23.0787
   203 5.3591 6.9672 9.1529 23.0787
   204 5.3757 6.8968 9.1860 23.0787
   205 5.3923 6.8264 9.2192 23.0787
   206 5.4088 6.7560 9.2524 23.0787
   207 5.4254 6.6855 9.2855 23.0787
   208 5.4420 6.6151 9.3187 23.0787
   209 5.4586 6.5447 9.3518 23.0787
   210 5.4752 6.4743 9.3850 23.0787
   211 5.4917 6.4039 9.4182 23.0787
   212 5.5083 6.3335 9.4513 23.0787
   213 5.5249 6.2630 9.4845 23.0787
   214 5.5415 6.1926 9.5176 23.0787
   215 5.5581 6.1222 9.5508 23.0787
   216 5.5747 6.0518 9.5840 23.0787
   217 5.5912 5.9814 9.6171 23.0787
   218 5.6078 5.9110 9.6503 23.0787
   219 5.6244 5.8406 9.6834 23.0787
   220 5.6410 5.7701 9.7166 23.0787
   221 5.6576 5.6997 9.7498 23.0787
   222 5.6742 5.6296 9.7829 23.0787
   223 5.6916 5.5628 9.8161 23.0787
   224 5.7100 5.4999 9.8492 23.0787
   225 5.7291 5.4402 9.8824 23.0787
   226 5.7489 5.3834 9.9156 23.0787
   227 5.7693 5.3292 9.9487 23.0787
   228 5.7902 5.2774 9.9819 23.0787
   229 5.8117 5.2276 10.0151 23.0787
   230 5.8335 5.1797 10.0482 23.0787
   231 5.8558 5.1335 10.0814 23.0787
   232 5.8785 5.0890 10.1145 23.0787
   233 5.9016 5.0460 10.1477 23.0787
   234 5.9249 5.0044 10.1809 23.0787
   235 5.9486 4.9641 10.2140 23.0787
   236 5.9726 4.9251 10.2472 23.0787
   237 5.9968 4.8872 10.2803 23.0787
   238 6.0213 4.8505 10.3135 23.0787
   239 6.0461 4.8148 10.3467 23.0787
   240 6.0711 4.7800 10.3798 23.0787
   241 6.0963 4.7463 10.4130 23.0787
   242 6.1217 4.7135 10.4461 23.0787
   243 6.1473 4.6815 10.4793 23.0787
   244 6.1732 4.6504 10.5125 23.0787
   245 6.1992 4.6201 10.5456 23.0787
   246 6.2254 4.5906 10.5788 23.0787
   247 6.2518 4.5618 10.6120 23.0787
   248 6.2784 4.5338 10.6451 23.0787
   249 6.3051 4.5065 10.6783 23.0787
   250 6.3320 4.4798 10.7114 23.0787
   251 6.3590 4.4539 10.7446 23.0787
   252 6.3862 4.4286 10.7778 23.0787
   253 6.4136 4.4039 10.8109 23.0787
   254 6.4411 4.3798 10.8441 23.0787
   255 6.4687 4.3564 10.8773 23.0787
   256 6.4965 4.3335 10.9104 23.0787
   257 6.5244 4.3112 10.9436 23.0787
   258 6.5525 4.2895 10.9768 23.0787
   259 6.5806 4.2683 11.0099 23.0787
   260 6.6089 4.2477 11.0431 23.0787
   261 6.6374 4.2276 11.0762 23.0787
   262 6.6659 4.2080 11.1094 23.0787
   263 6.6946 4.1890 11.1426 23.0787
   264 6.7234 4.1704 11.1757 23.0787
   265 6.7523 4.1524 11.2089 23.0787
   266 6.7813 4.1348 11.2420 23.0787
   267 6.8105 4.1177 11.2752 23.0787
   268 6.8397 4.1011 11.3084 23.0787
   269 6.8691 4.0850 11.3415 23.0787
   270 6.8986 4.0694 11.3747 23.0787
   271 6.9281 4.0542 11.4078 23.0787
   272 6.9578 4.0394 11.4410 23.0787
   273 6.9876 4.0252 11.4742 23.0787
   274 7.0177 4.0113 11.5094 23.0879
   275 7.0477 3.9979 11.5426 23.0879
   276 7.0778 3.9849 11.5758 23.0879
   277 7.1080 3.9724 11.6089 23.0879
   278 7.1384 3.9604 11.6421 23.0879
   279 7.1688 3.9487 11.6753 23.0879
   280 7.1993 3.9375 11.7084 23.0879
   281 7.2299 3.9268 11.7395 23.0787
   282 7.2607 3.9164 11.7726 23.0787
   283 7.2915 3.9065 11.8058 23.0787
   284 7.3224 3.8970 11.8389 23.0787
   285 7.3534 3.8880 11.8721 23.0787
   286 7.3846 3.8793 11.9053 23.0787
   287 7.4158 3.8711 11.9384 23.0787
   288 7.4471 3.8633 11.9716 23.0787
   289 7.4785 3.8559 12.0047 23.0787
   290 7.5101 3.8489 12.0379 23.0787
   291 7.5417 3.8424 12.0711 23.0787
   292 7.5734 3.8363 12.1042 23.0787
   293 7.6052 3.8306 12.1374 23.0787
   294 7.6371 3.8253 12.1705 23.0787
   295 7.6692 3.8205 12.2037 23.0787
   296 7.7013 3.8160 12.2369 23.0787
   297 7.7335 3.8120 12.2700 23.0787
   298 7.7658 3.8085 12.3032 23.0787
   299 7.7982 3.8053 12.3363 23.0787
   300 7.8308 3.8026 12.3695 23.0787
   301 7.8634 3.8004 12.4027 23.0787
   302 7.8961 3.7985 12.4358 23.0787
   303 7.9290 3.7972 12.4690 23.0787
   304 7.9619 3.7962 12.5022 23.0787
   305 7.9949 3.7957 12.5353 23.0787
   306 8.0281 3.7957 12.5685 23.0787
   307 8.0613 3.7961 12.6016 23.0787
   308 8.0947 3.7970 12.6348 23.0787
   309 8.1282 3.7984 12.6679 23.0787
   310 8.1618 3.8002 12.7011 23.0787
   311 8.1955 3.8025 12.7343 23.0787
   312 8.2293 3.8053 12.7674 23.0787
   313 8.2633 3.8088 12.8006 23.0787
   314 8.2973 3.8126 12.8338 23.0787
   315 8.3316 3.8170 12.8669 23.0787
   316 8.3658 3.8218 12.9001 23.0787
   317 8.4001 3.8265 12.9332 23.0787
   318 8.4344 3.8314 12.9664 23.0787
   319 8.4687 3.8363 12.9996 23.0787
   320 8.5030 3.8412 13.0327 23.0787
   321 8.5373 3.8460 13.0659 23.0787
   322 8.5716 3.8508 13.0990 23.0787
   323 8.6059 3.8555 13.1322 23.0787
   324 8.6401 3.8601 13.1654 23.0787
   325 8.6744 3.8647 13.1985 23.0787
   326 8.7086 3.8693 13.2317 23.0787
   327 8.7428 3.8738 13.2649 23.0787
   328 8.7770 3.8782 13.2980 23.0787
   329 8.8112 3.8826 13.3312 23.0787
   330 8.8454 3.8870 13.3643 23.0787
   331 8.8796 3.8913 13.3975 23.0787
   332 8.9138 3.8956 13.4307 23.0787
   333 8.9479 3.8998 13.4638 23.0787
   334 8.9821 3.9039 13.4970 23.0787
   335 9.0162 3.9080 13.5301 23.0787
   336 9.0503 3.9121 13.5633 23.0787
   337 9.0844 3.9161 13.5965 23.0787
   338 9.1185 3.9201 13.6296 23.0787
   339 9.1526 3.9240 13.6628 23.0787
   340 9.1867 3.9279 13.6959 23.0787
   341 9.2207 3.9317 13.7291 23.0787
   342 9.2548 3.9355 13.7623 23.0787
   343 9.2888 3.9392 13.7954 23.0787
   344 9.3228 3.9429 13.8286 23.0787
   345 9.3569 3.9465 13.8617 23.0787
   346 9.3909 3.9501 13.8949 23.0787
   347 9.4249 3.9536 13.9281 23.0787
   348 9.4588 3.9571 13.9612 23.0787
   349 9.4928 3.9605 13.9944 23.0787
   350 9.5268 3.9639 14.0276 23.0787
   351 9.5607 3.9673 14.0607 23.0787
   352 9.5946 3.9706 14.0939 23.0787
   353 9.6286 3.9738 14.1270 23.0787
   354 9.6625 3.9770 14.1602 23.0787
   355 9.6964 3.9802 14.1934 23.0787
   356 9.7303 3.9833 14.2265 23.0787
   357 9.7642 3.9863 14.2597 23.0787
   358 9.7980 3.9893 14.2928 23.0787
   359 9.8319 3.9923 14.3260 23.0787
   360 9.8657 3.9952 14.3592 23.0787
   361 9.8996 3.9981 14.3923 23.0787
   362 9.9334 4.0009 14.4255 23.0787
   363 9.9672 4.0037 14.4586 23.0787
   364 10.0010 4.0064 14.4918 23.0787
   365 10.0348 4.0091 14.5250 23.0787
   366 10.0686 4.0117 14.5581 23.0787
   367 10.1024 4.0143 14.5913 23.0787
   368 10.1361 4.0169 14.6244 23.0787
   369 10.1699 4.0194 14.6576 23.0787
   370 10.2036 4.0218 14.6908 23.0787
   371 10.2373 4.0242 14.7239 23.0787
   372 10.2711 4.0266 14.7571 23.0787
   373 10.3048 4.0289 14.7903 23.0787
   374 10.3385 4.0311 14.8234 23.0787
   375 10.3721 4.0334 14.8566 23.0787
   376 10.4058 4.0355 14.8897 23.0787
   377 10.4395 4.0377 14.9229 23.0787
   378 10.4731 4.0397 14.9561 23.0787
   379 10.5068 4.0418 14.9892 23.0787
   380 10.5404 4.0438 15.0224 23.0787
   381 10.5740 4.0457 15.0555 23.0787
   382 10.6076 4.0476 15.0887 23.0787
   383 10.6412 4.0495 15.1219 23.0787
   384 10.6748 4.0513 15.1550 23.0787
   385 10.7084 4.0530 15.1882 23.0787
   386 10.7419 4.0547 15.2213 23.0787
   387 10.7755 4.0564 15.2545 23.0787
   388 10.8090 4.0580 15.2877 23.0787
   389 10.8426 4.0596 15.3208 23.0787
   390 10.8761 4.0611 15.3540 23.0787
   391 10.9096 4.0626 15.3871 23.0787
   392 10.9431 4.0641 15.4203 23.0787
   393 10.9766 4.0655 15.4535 23.0787
   394 11.0101 4.0668 15.4866 23.0787
   395 11.0435 4.0681 15.5198 23.0787
   396 11.0770 4.0694 15.5529 23.0787
   397 11.1104 4.0706 15.5861 23.0787
   398 11.1439 4.0718 15.6193 23.0787
   399 11.1773 4.0729 15.6524 23.0787
   400 11.2107 4.0740 15.6856 23.0787
   401 11.2441 4.0750 15.7188 23.0787
   402 11.2773 4.0760 15.7519 23.0787
   403 11.3107 4.0770 15.7851 23.0787
   404 11.3441 4.0779 15.8182 23.0787
   405 11.3775 4.0787 15.8514 23.0787
   406 11.4108 4.0795 15.8846 23.0787
   407 11.4442 4.0803 15.9177 23.0787
   408 11.4775 4.0810 15.9509 23.0787
   409 11.5110 4.0817 15.9840 23.0787
   410 11.5443 4.0823 16.0172 23.0787
   411 11.5776 4.0829 16.0504 23.0787
   412 11.6109 4.0835 16.0835 23.0787
   413 11.6442 4.0840 16.1167 23.0787
   414 11.6774 4.0844 16.1498 23.0787
   415 11.7107 4.0849 16.1830 23.0787
   416 11.7439 4.0852 16.2162 23.0787
   417 11.7772 4.0856 16.2493 23.0787
   418 11.8104 4.0858 16.2825 23.0787
   419 11.8436 4.0861 16.3156 23.0787
   420 11.8768 4.0863 16.3488 23.0787
   421 11.9100 4.0864 16.3820 23.0787
   422 11.9432 4.0865 16.4151 23.0787
   423 11.9764 4.0866 16.4483 23.0787
   424 12.0096 4.0866 16.4815 23.0787
   425 12.0427 4.0866 16.5146 23.0787
   426 12.0759 4.0865 16.5478 23.0787
   427 12.1090 4.0864 16.5809 23.0787
   428 12.1421 4.0863 16.6141 23.0787
   429 12.1752 4.0861 16.6473 23.0787
   430 12.2083 4.0858 16.6804 23.0787
   431 12.2414 4.0855 16.7136 23.0787
   432 12.2745 4.0852 16.7467 23.0787
   433 12.3076 4.0848 16.7799 23.0787
   434 12.3406 4.0844 16.8131 23.0787
   435 12.3737 4.0840 16.8462 23.0787
   436 12.4067 4.0835 16.8794 23.0787
   437 12.4398 4.0829 16.9125 23.0787
   438 12.4728 4.0823 16.9457 23.0787
   439 12.5058 4.0817 16.9789 23.0787
   440 12.5388 4.0810 17.0120 23.0787
   441 12.5718 4.0803 17.0452 23.0787
   442 12.6048 4.0795 17.0783 23.0787
   443 12.6378 4.0787 17.1115 23.0787
   444 12.6707 4.0779 17.1447 23.0787
   445 12.7037 4.0770 17.1778 23.0787
   446 12.7366 4.0761 17.2110 23.0787
   447 12.7695 4.0751 17.2441 23.0787
   448 12.8025 4.0741 17.2773 23.0787
   449 12.8354 4.0730 17.3105 23.0787
   450 12.8683 4.0719 17.3436 23.0787
   451 12.9012 4.0707 17.3768 23.0787
   452 12.9340 4.0696 17.4100 23.0787
   453 12.9669 4.0683 17.4431 23.0787
   454 12.9998 4.0670 17.4763 23.0787
   455 13.0326 4.0657 17.5094 23.0787
   456 13.0655 4.0644 17.5426 23.0787
   457 13.0983 4.0630 17.5758 23.0787
   458 13.1311 4.0615 17.6089 23.0787
   459 13.1639 4.0600 17.6421 23.0787
   460 13.1967 4.0585 17.6752 23.0787
   461 13.2295 4.0569 17.7084 23.0787
   462 13.2623 4.0553 17.7416 23.0787
   463 13.2951 4.0537 17.7747 23.0787
   464 13.3278 4.0520 17.8079 23.0787
   465 13.3606 4.0502 17.8410 23.0787
   466 13.3933 4.0484 17.8742 23.0787
   467 13.4260 4.0466 17.9074 23.0787
   468 13.4588 4.0447 17.9405 23.0787
   469 13.4915 4.0428 17.9737 23.0787
   470 13.5242 4.0409 18.0068 23.0787
   471 13.5569 4.0389 18.0400 23.0787
   472 13.5896 4.0368 18.0732 23.0787
   473 13.6222 4.0347 18.1063 23.0787
   474 13.6549 4.0326 18.1395 23.0787
   475 13.6875 4.0305 18.1727 23.0787
   476 13.7202 4.0283 18.2058 23.0787
   477 13.7528 4.0260 18.2390 23.0787
   478 13.7854 4.0237 18.2721 23.0787
   479 13.8180 4.0214 18.3053 23.0787
   480 13.8506 4.0190 18.3385 23.0787
   481 13.8832 4.0166 18.3716 23.0787
   482 13.9158 4.0141 18.4048 23.0787
   483 13.9484 4.0116 18.4379 23.0787
   484 13.9810 4.0091 18.4711 23.0787
   485 14.0135 4.0065 18.5043 23.0787
   486 14.0460 4.0039 18.5374 23.0787
   487 14.0786 4.0012 18.5706 23.0787
   488 14.1109 3.9985 18.6037 23.0787
   489 14.1435 3.9958 18.6369 23.0787
   490 14.1760 3.9930 18.6701 23.0787
   491 14.2085 3.9902 18.7032 23.0787
   492 14.2409 3.9873 18.7364 23.0787
   493 14.2734 3.9844 18.7695 23.0787
   494 14.3059 3.9814 18.8027 23.0787
   495 14.3383 3.9784 18.8359 23.0787
   496 14.3708 3.9754 18.8690 23.0787
   497 14.4032 3.9723 18.9022 23.0787
   498 14.4356 3.9692 18.9354 23.0787
   499 14.4681 3.9660 18.9685 23.0787
   500 14.5005 3.9628 19.0017 23.0787
   501 14.5329 3.9595 19.0348 23.0787
   502 14.5652 3.9563 19.0680 23.0787
   503 14.5976 3.9529 19.1012 23.0787
   504 14.6300 3.9495 19.1343 23.0787
   505 14.6623 3.9461 19.1675 23.0787
   506 14.6947 3.9427 19.2006 23.0787
   507 14.7270 3.9392 19.2338 23.0787
   508 14.7594 3.9356 19.2670 23.0787
   509 14.7917 3.9321 19.3001 23.0787
   510 14.8240 3.9284 19.3333 23.0787
   511 14.8563 3.9248 19.3664 23.0787
   512 14.8886 3.9211 19.3996 23.0787
   513 14.9209 3.9173 19.4328 23.0787
   514 14.9531 3.9136 19.4659 23.0787
   515 14.9854 3.9097 19.4991 23.0787
   516 15.0176 3.9059 19.5322 23.0787
   517 15.0499 3.9020 19.5654 23.0787
   518 15.0821 3.8980 19.5986 23.0787
   519 15.1143 3.8940 19.6317 23.0787
   520 15.1465 3.8900 19.6649 23.0787
   521 15.1787 3.8859 19.6981 23.0787
   522 15.2109 3.8818 19.7312 23.0787
   523 15.2431 3.8777 19.7644 23.0787
   524 15.2753 3.8735 19.7975 23.0787
   525 15.3075 3.8692 19.8307 23.0787
   526 15.3396 3.8649 19.8639 23.0787
   527 15.3718 3.8606 19.8970 23.0787
   528 15.4039 3.8563 19.9302 23.0787
   529 15.4363 3.8529 19.9633 23.0787
   530 15.4681 3.8474 19.9965 23.0787
   531 15.5002 3.8429 20.0297 23.0787
   532 15.5325 3.8390 20.0628 23.0787
   533 15.5644 3.8338 20.0960 23.0787
   534 15.5965 3.8292 20.1291 23.0787
   535 15.6286 3.8246 20.1623 23.0787
   536 15.6615 3.8236 20.1954 23.0783
   537 15.6928 3.8157 20.2283 23.0772
   538 15.7250 3.8117 20.2610 23.0756
   539 15.7576 3.8093 20.2937 23.0733
   540 15.7898 3.8050 20.3262 23.0705
   541 15.8223 3.8024 20.3585 23.0671
   542 15.8549 3.8001 20.3908 23.0632
   543 15.8877 3.7984 20.4229 23.0587
   544 15.9205 3.7970 20.4548 23.0536
   545 15.9535 3.7962 20.4867 23.0480
   546 15.9865 3.7957 20.5184 23.0418
   547 16.0198 3.7960 20.5499 23.0350
   548 16.0531 3.7969 20.5814 23.0277
   549 16.0866 3.7982 20.6127 23.0198
   550 16.1202 3.8000 20.6439 23.0114
   551 16.1539 3.8022 20.6749 23.0024
   552 16.1876 3.8049 20.7058 22.9928
   553 16.2216 3.8080 20.7366 22.9827
   554 16.2556 3.8117 20.7672 22.9721
   555 16.2897 3.8158 20.7978 22.9608
   556 16.3239 3.8204 20.8281 22.9490
   557 16.3583 3.8255 20.8584 22.9366
   558 16.3928 3.8311 20.8885 22.9236
   559 16.4274 3.8372 20.9184 22.9101
   560 16.4621 3.8438 20.9483 22.8959
   561 16.4970 3.8510 20.9780 22.8811
   562 16.5319 3.8587 21.0075 22.8658
   563 16.5671 3.8670 21.0369 22.8498
   564 16.6023 3.8759 21.0662 22.8332
   565 16.6377 3.8853 21.0953 22.8159
   566 16.6732 3.8954 21.1242 22.7980
   567 16.7089 3.9060 21.1530 22.7795
   568 16.7447 3.9173 21.1816 22.7603
   569 16.7807 3.9293 21.2101 22.7404
   570 16.8168 3.9419 21.2384 22.7197
   571 16.8531 3.9552 21.2665 22.6982
   572 16.8896 3.9692 21.2944 22.6760
   573 16.9262 3.9840 21.3222 22.6530
   574 16.9630 3.9995 21.3498 22.6294
   575 17.0000 4.0158 21.3772 22.6049
   576 17.0372 4.0329 21.4044 22.5796
   577 17.0746 4.0509 21.4314 22.5535
   578 17.1122 4.0698 21.4582 22.5266
   579 17.1500 4.0896 21.4848 22.4987
   580 17.1881 4.1104 21.5112 22.4699
   581 17.2264 4.1322 21.5373 22.4401
   582 17.2649 4.1551 21.5632 22.4092
   583 17.3038 4.1791 21.5888 22.3771
   584 17.3429 4.2044 21.6141 22.3438
   585 17.3823 4.2309 21.6392 22.3092
   586 17.4220 4.2588 21.6639 22.2733
   587 17.4622 4.2886 21.6882 22.2360
   588 17.5028 4.3203 21.7123 22.1972
   589 17.5438 4.3537 21.7359 22.1567
   590 17.5853 4.3891 21.7591 22.1145
   591 17.6273 4.4265 21.7819 22.0703
   592 17.6698 4.4664 21.8041 22.0239
   593 17.7130 4.5088 21.8258 21.9752
   594 17.7569 4.5542 21.8469 21.9238
   595 17.8015 4.6030 21.8672 21.8694
   596 17.8471 4.6557 21.8867 21.8114
   597 17.8937 4.7131 21.9053 21.7494
   598 17.9417 4.7760 21.9226 21.6823
   599 17.9914 4.8460 21.9385 21.6090
   600 18.0431 4.9250 21.9525 21.5277
   601 18.0979 5.0169 21.9639 21.4351
   602 18.1573 5.1284 21.9712 21.3252
   603 18.2257 5.2777 21.9707 21.1824
   604 18.2952 5.4323 21.9691 21.0346
