           2          11           0           0        2636        2687
           2          11           0           1        2780        2821
           2          11           0           2        2608        2691
           2          11           0           3        2647        2717
           2          11           0           4        2749        2911
           2          11           0           5        2665        2795
           2          11           0           6        2620        2684
           2          11           0           7        2707        2754
           2          11           0           8        2770        2804
           2          11           0           9        2648        2703
           2          11           0          10        2727        2759
           2          11           0          11        2672        2731
