           2          11           0           0        2730        2768
           2          11           0           1        2588        2625
           2          11           0           2        2728        2771
           2          11           0           3        2640        2672
           2          11           0           4        2444        2748
           2          11           0           5        2524        2812
           2          11           0           6        2464        2800
           2          11           0           7        2455        2765
           2          11           0           8        2665        2732
           2          11           0           9        2578        2643
           2          11           0          10        2599        2661
           2          11           0          11        2669        2730
           2          11           0          12        2632        2694
           2          11           0          13        2764        2801
           2          11           0          14        2602        2685
           2          11           0          15        2718        2749
