           2          11           0           0        2731        2769
           2          11           0           1        2589        2623
           2          11           0           2        2726        2767
           2          11           0           3        2640        2672
           2          11           0           4        2471        2747
           2          11           0           5        2528        2810
           2          11           0           6        2429        2815
           2          11           0           7        2407        2787
           2          11           0           8        2672        2726
           2          11           0           9        2586        2636
           2          11           0          10        2605        2665
           2          11           0          11        2678        2724
           2          11           0          12        2639        2679
           2          11           0          13        2762        2799
           2          11           0          14        2629        2670
           2          11           0          15        2717        2748
