           2          11           0           0        2637        2690
           2          11           0           1        2783        2824
           2          11           0           2        2609        2697
           2          11           0           3        2651        2725
           2          11           0           4        2753        2827
           2          11           0           5        2666        2735
           2          11           0           6        2622        2686
           2          11           0           7        2709        2754
           2          11           0           8        2671        2704
           2          11           0           9        2663        2716
           2          11           0          10        2550        2585
           2          11           0          11        2599        2664
