          20          11          23           0         394         557
          20          11          23           1         376         561
          20          11          23           2         398         583
          20          11          23           3         365         553
          20          11          23           4         433         606
          20          11          23           5         371         560
          20          11          23           6         445         626
          20          11          23           7         458         640
          20          11          23           8         453         600
          20          11          23           9         256         432
          20          11          23          10         448         606
          20          11          23          11         411         889
          20          11          23          12         352         523
          20          11          23          13         335         562
          20          11          23          14         342         636
          20          11          22           0         400         574
          20          11          22           1         280         455
          20          11          22           2         349         533
          20          11          22           3         207         436
          20          11          22           4         403         630
          20          11          22           5         261         490
          20          11          22           6         368         599
          20          11          22           7         429         635
          20          11          22           8         424         662
          20          11          22           9         212         421
          20          11          22          10         160         376
          20          11          22          11         327         603
          20          11          22          12         378         615
          20          11          22          13         331         570
          20          11          22          14         418         656
          20          11          21           0         300         474
          20          11          21           1         338         517
          20          11          21           2         469         606
          20          11          21           3         318         455
          20          11          21           4         183         428
          20          11          21           5         410         578
          20          11          21           6         340         511
          20          11          21           7         417         566
          20          11          21           8         411         571
          20          11          21           9         391         556
          20          11          21          10         374         520
          20          11          21          11         415         530
          20          11          21          12         330         478
          20          11          21          13         483         607
          20          11          21          14         397         546
          20          11          20           0         501         678
          20          11          20           1         536         724
          20          11          20           2         298         433
          20          11          20           3         287         518
          20          11          20           4         369         548
          20          11          20           5         337         763
          20          11          20           6         204         511
          20          11          20           7        1104        1302
          20          11          20           8         355         624
          20          11          20           9         477         706
          20          11          20          10         409         671
          20          11          20          11         462         676
          20          11          20          12         280         515
          20          11          20          13         309         556
          20          11          20          14         281         566
          20          11          19           0         302         465
          20          11          19           1         440         557
          20          11          19           2         404         558
          20          11          19           3         474         626
          20          11          19           4         321         447
          20          11          19           5         460         571
          20          11          19           6         445         556
          20          11          19           7         496         613
          20          11          19           8         456         557
          20          11          19           9         435         539
          20          11          19          10         407         522
          20          11          19          11         587         694
          20          11          19          12         386         511
          20          11          19          13         411         532
          20          11          19          14         455         595
          20          11          18           0         458         575
          20          11          18           1         341         457
          20          11          18           2         462         567
          20          11          18           3         476         596
          20          11          18           4         282         458
          20          11          18           5         380         492
          20          11          18           6         402         520
          20          11          18           7         493         608
          20          11          18           8         333         460
          20          11          18           9         363         514
          20          11          18          10         454         578
          20          11          18          11         446         605
          20          11          18          12         413         607
          20          11          18          13         345         491
          20          11          18          14         400         536
          20          11          17           0         429         562
          20          11          17           1         251         422
          20          11          17           2         452         583
          20          11          17           3         428         604
          20          11          17           4         439         601
          20          11          17           5         472         646
          20          11          17           6         535         686
          20          11          17           7         526         659
          20          11          17           8         441         605
          20          11          17           9         447         586
          20          11          17          10         502         623
          20          11          17          11         501         601
          20          11          17          12         451         664
          20          11          17          13         461         632
          20          11          17          14         265         447
          20          11          16           0         286         454
          20          11          16           1         296         474
          20          11          16           2         389         520
          20          11          16           3         386         522
          20          11          16           4         687         840
          20          11          16           5         582         759
          20          11          16           6         569         744
          20          11          16           7         610         801
          20          11          16           8         389         529
          20          11          16           9         544         682
          20          11          16          10         372         478
          20          11          16          11         482         633
          20          11          16          12         506         637
          20          11          16          13         451         590
          20          11          16          14         516         665
          20          11          14           0         402         546
          20          11          14           1         426         561
          20          11          14           2         369         507
          20          11          14           3         374         527
          20          11          14           4         469         614
          20          11          14           5         271         424
          20          11          14           6         463         616
          20          11          14           7         487         625
          20          11          14           8         416         616
          20          11          14           9         513         670
          20          11          14          10         433         574
          20          11          14          11         436         587
          20          11          14          12         477         640
          20          11          14          13         351         520
          20          11          14          14         403         553
          20          11          13           0         376         517
          20          11          13           1         421         544
          20          11          13           2         467         582
          20          11          13           3         398         524
          20          11          13           4         421         548
          20          11          13           5         405         546
          20          11          13           6         429         560
          20          11          13           7         382         530
          20          11          13           8         428         537
          20          11          13           9         489         643
          20          11          13          10         412         553
          20          11          13          11         412         538
          20          11          13          12         328         475
          20          11          13          13         394         544
          20          11          13          14         363         529
          20          11          12           0         455         562
          20          11          12           1         365         541
          20          11          12           2         418         546
          20          11          12           3         422         554
          20          11          12           4         333         479
          20          11          12           5         435         591
          20          11          12           6         448         585
          20          11          12           7         217         392
          20          11          12           8         347         493
          20          11          12           9         161         284
          20          11          12          10         254         397
          20          11          12          11         164         435
          20          11          12          12         460         622
          20          11          12          13         309         428
          20          11          12          14         504         611
          20          11          11           0         411         528
          20          11          11           1         452         619
          20          11          11           2         452         581
          20          11          11           3         432         569
          20          11          11           4         517         690
          20          11          11           5         473         629
          20          11          11           6         339         479
          20          11          11           7         343         470
          20          11          11           8         206         345
          20          11          11           9         411         563
          20          11          11          10         470         605
          20          11          11          11         279         416
          20          11          11          12         419         581
          20          11          11          13         373         565
          20          11          11          14         401         545
          20          11          10           0         162         396
          20          11          10           1         367         561
          20          11          10           2         240         407
          20          11          10           3        1169        1248
          20          11          10           4         158         330
          20          11          10           5         417         571
          20          11          10           6         228         395
          20          11          10           7         458         589
          20          11          10           8         411         539
          20          11          10           9         314         447
          20          11          10          10         474         582
          20          11          10          11         258         402
          20          11          10          12         486         585
          20          11          10          13         450         559
          20          11          10          14         420         532
          20          11           9           0         302         434
          20          11           9           1         478         606
          20          11           9           2         412         519
          20          11           9           3         346         448
          20          11           9           4         459         599
          20          11           9           5         374         534
          20          11           9           6         405         531
          20          11           9           7         426         579
          20          11           9           8         419         567
          20          11           9           9         251         383
          20          11           9          10         361         496
          20          11           9          11         478         618
          20          11           9          12         365         539
          20          11           9          13         331         474
          20          11           9          14         417         539
          20          11           8           0         242         367
          20          11           8           1         394         526
          20          11           8           2         443         547
          20          11           8           3         284         406
          20          11           8           4         271         436
          20          11           8           5         339         468
          20          11           8           6         462         568
          20          11           8           7         442         569
          20          11           8           8         368         513
          20          11           8           9         518         645
          20          11           8          10         231         370
          20          11           8          11         362         461
          20          11           8          12         335         484
          20          11           8          13         372         488
          20          11           8          14         380         493
          20          11           7           0         355         492
          20          11           7           1         408         585
          20          11           7           2         499         610
          20          11           7           3         479         656
          20          11           7           4         417         525
          20          11           7           5         181         324
          20          11           7           6         499         609
          20          11           7           7         360         541
          20          11           7           8         387         515
          20          11           7           9         442         604
          20          11           7          10         402         547
          20          11           7          11         429         564
          20          11           7          12         329         483
          20          11           7          13         331         467
          20          11           7          14         430         575
          20          11           6           0         580         694
          20          11           6           1         656         780
          20          11           6           2         490         636
          20          11           6           3         673         776
          20          11           6           4         617         722
          20          11           6           8         430         554
          20          11           6           9         344         456
          20          11           6          10         372         495
          20          11           6          11         381         499
          20          11           6          12         427         563
          20          11           3           0         395         519
          20          11           3           1         348         466
          20          11           3           2         267         415
          20          11           3           3         322         426
          20          11           3           4         310         425
          20          11           3           5         435         534
          20          11           3           6         554         663
          20          11           3           7         470         565
          20          11           3           8         527         632
          20          11           3           9         504         584
          20          11           3          10         619         698
          20          11           3          11         528         643
          20          11           2           0         521         636
          20          11           2           1         496         587
          20          11           2           2         287         441
          20          11           2           3         362         481
          20          11           2           4         464         579
          20          11           2           5         506         612
          20          11           2           6         525         657
          20          11           2           7         384         576
          20          11           2           8         569         685
          20          11           2           9         704         782
          20          11           2          10         324         442
          20          11           2          11         597         706
          20          11           1           0         490         615
          20          11           1           1         620         727
          20          11           1           2         468         629
          20          11           1           3         432         551
          20          11           1           4         585         703
          20          11           1           5         594         718
          20          11           1           6         645         785
          20          11           1           7         595         719
          20          11           1           8         570         675
          20          11           1           9         574         675
          20          11           1          10         522         622
          20          11           1          11           0           0
          20          11           5           0         474         561
          20          11           5           1         556         646
          20          11           5           2         513         603
          20          11           5           3         378         481
          20          11           5           4         538         637
          20          11           5           5         467         579
          20          11           5           6         298         437
          20          11           5           7         467         575
          20          11           5           8         290         430
          20          11           5           9         592         709
          20          11           5          10         421         549
          20          11           5          11         189         335
          20          11           5          12         190         328
          20          11           5          13         450         555
          20          11           5          14         449         562
          20          11           4           0         385         503
          20          11           4           1         474         574
          20          11           4           2         463         584
          20          11           4           3         515         610
          20          11           4           4         445         555
          20          11           4           5         440         551
          20          11           4           6         448         546
          20          11           4           7         273         394
          20          11           4           8         447         553
          20          11           4           9         287         432
          20          11           4          10         462         582
          20          11           4          11         431         530
          20          11           4          12         461         573
          20          11           4          13         422         548
          20          11           4          14         372         490
          20          11           0           0         533         642
          20          11           0           1         605         713
          20          11           0           2         454         585
          20          11           0           3         549         663
          20          11           0           4         633         738
          20          11           0           5         444         546
          20          11           0           6         696         813
          20          11           0           7         672         801
          20          11           0           8         520         628
          20          11           0           9         513         642
          20          11           0          10         572         679
          20          11           0          11         730         829
