           2          11           0           0        2641        2722
           2          11           0           1        2762        2827
           2          11           0           2        2594        2657
           2          11           0           3        2647        2718
           2          11           0           4        2531        2685
           2          11           0           5        2690        2799
           2          11           0           6        2572        2702
           2          11           0           7        2563        2674
           2          11           0           8        2647        2778
           2          11           0           9        2642        2747
           2          11           0          10        2519        2704
           2          11           0          11        2623        2748
           2          11           0          12        2483        2837
           2          11           0          13        2678        2908
           2          11           0          14        2499        2727
           2          11           0          15        2453        2707
