           2          11           0           0        2638        2693
           2          11           0           1        2785        2827
           2          11           0           2        2607        2692
           2          11           0           3        2651        2719
           2          11           0           4        2753        2830
           2          11           0           5        2663        2733
           2          11           0           6        2620        2688
           2          11           0           7        2710        2756
           2          11           0           8        2671        2706
           2          11           0           9        2675        2715
           2          11           0          10        2550        2588
           2          11           0          11        2612        2651
