           2          11           0           0        2730        2761
           2          11           0           1        2590        2622
           2          11           0           2        2725        2761
           2          11           0           3        2638        2672
           2          11           0           4        2459        2735
           2          11           0           5        2499        2802
           2          11           0           6        2453        2800
           2          11           0           7        2429        2762
           2          11           0           8        2666        2724
           2          11           0           9        2589        2634
           2          11           0          10        2610        2658
           2          11           0          11        2677        2727
           2          11           0          12        2639        2673
           2          11           0          13        2759        2796
           2          11           0          14        2626        2663
           2          11           0          15        2713        2743
