           2          11           0           0        2726        2766
           2          11           0           1        2587        2622
           2          11           0           2        2724        2764
           2          11           0           3        2638        2669
           2          11           0           4        2430        2738
           2          11           0           5        2488        2808
           2          11           0           6        2395        2841
           2          11           0           7        2400        2812
           2          11           0           8        2667        2732
           2          11           0           9        2586        2634
           2          11           0          10        2602        2665
           2          11           0          11        2669        2728
           2          11           0          12        2638        2682
           2          11           0          13        2758        2796
           2          11           0          14        2609        2677
           2          11           0          15        2714        2743
