           2          11           0           0        2724        2786
           2          11           0           1        2591        2654
           2          11           0           2        2723        2792
           2          11           0           3        2641        2698
           2          11           0           4        2492        2736
           2          11           0           5        2557        2808
           2          11           0           6        2431        2790
           2          11           0           7        2426        2758
           2          11           0           8        2665        2740
           2          11           0           9        2581        2655
           2          11           0          10        2604        2676
           2          11           0          11        2680        2744
           2          11           0          12        2636        2709
           2          11           0          13        2760        2822
           2          11           0          14        2603        2696
           2          11           0          15        2714        2770
