           2          11           0           0        2720        2781
           2          11           0           1        2584        2642
           2          11           0           2        2715        2777
           2          11           0           3        2634        2688
           2          11           0           4        2561        2658
           2          11           0           5        2638        2744
           2          11           0           6        2549        2728
           2          11           0           7        2532        2705
           2          11           0           8        2643        2756
           2          11           0           9        2546        2665
           2          11           0          10        2538        2716
           2          11           0          11        2637        2769
           2          11           0          12        2627        2708
           2          11           0          13        2759        2814
           2          11           0          14        2613        2692
           2          11           0          15        2712        2764
