           2          11           0           0        2727        2771
           2          11           0           1        2584        2620
           2          11           0           2        2718        2769
           2          11           0           3        2635        2671
           2          11           0           4        2571        2650
           2          11           0           5        2655        2723
           2          11           0           6        2602        2655
           2          11           0           7        2593        2642
           2          11           0           8        2660        2738
           2          11           0           9        2574        2638
           2          11           0          10        2608        2655
           2          11           0          11        2693        2734
           2          11           0          12        2639        2681
           2          11           0          13        2761        2827
           2          11           0          14        2616        2669
           2          11           0          15        2713        2768
