           2          11           0           0        2600        2721
           2          11           0           1        2525        2690
           2          11           0           2        2551        2652
           2          11           0           3        2596        2703
           2          11           0           4        2708        2768
           2          11           0           5        2624        2677
           2          11           0           6        2667        2722
           2          11           0           7        2585        2640
           2          11           0           8        2711        2745
           2          11           0           9        2686        2721
           2          11           0          10        2581        2616
           2          11           0          11        2653        2703
           2          11           0          12        2559        2667
           2          11           0          13        2705        2798
           2          11           0          14        2597        2681
           2          11           0          15        2554        2646
