           2          11           0           0        2735        2779
           2          11           0           1        2580        2620
           2          11           0           2        2726        2777
           2          11           0           3        2642        2676
           2          11           0           4        2579        2645
           2          11           0           5        2661        2743
           2          11           0           6        2606        2662
           2          11           0           7        2603        2654
           2          11           0           8        2662        2742
           2          11           0           9        2570        2643
           2          11           0          10        2611        2666
           2          11           0          11        2698        2747
           2          11           0          12        2645        2695
           2          11           0          13        2778        2815
           2          11           0          14        2622        2676
           2          11           0          15        2730        2758
