           2          11           0           0        2637        2690
           2          11           0           1        2779        2821
           2          11           0           2        2609        2692
           2          11           0           3        2652        2722
           2          11           0           4        2747        2830
           2          11           0           5        2658        2728
           2          11           0           6        2624        2684
           2          11           0           7        2704        2755
           2          11           0           8        2659        2696
           2          11           0           9        2657        2713
           2          11           0          10        2537        2580
           2          11           0          11        2606        2661
