           2          11           0           0        2725        2771
           2          11           0           1        2588        2626
           2          11           0           2        2717        2767
           2          11           0           3        2640        2670
           2          11           0           4        2412        2747
           2          11           0           5        2496        2798
           2          11           0           6        2438        2787
           2          11           0           7        2411        2768
           2          11           0           8        2667        2726
           2          11           0           9        2581        2637
           2          11           0          10        2605        2664
           2          11           0          11        2677        2729
           2          11           0          12        2632        2686
           2          11           0          13        2755        2793
           2          11           0          14        2610        2674
           2          11           0          15        2712        2742
