APV                3              20               1               0
               0           161.5           51.38
               1           16.71           40.71
               2          -1.247            43.1
               3         -0.4075           39.44
               4           -37.2            34.1
               5          -48.65           20.43
               6          -78.16           16.88
               7          -38.28           11.27
               8           -47.8           9.643
               9          -48.13           8.844
              10          -43.89           7.756
              11           24.34           7.555
              12          -30.68           7.269
              13          -37.88           7.314
              14           1.089           6.811
              15           43.72            7.32
              16            17.9           7.567
              17          -37.44           7.265
              18          -20.83            7.52
              19           34.84           7.313
              20          -18.61           7.507
              21          -19.96           6.913
              22           2.055           6.598
              23           35.01           7.097
              24          -20.84           7.342
              25          -6.403           6.587
              26           11.63           6.946
              27           80.93           7.382
              28          -14.73           6.942
              29          -10.17           6.882
              30            1.37           6.474
              31           46.06           7.385
              32          -2.717           7.317
              33          -39.04            7.68
              34          -1.261           7.137
              35           18.35           7.285
              36           -37.7           7.532
              37          -20.44           7.413
              38           8.142           7.195
              39           51.78           7.443
              40          -10.64             7.7
              41           2.101           7.319
              42            12.6           7.478
              43           45.98            7.59
              44          -42.82           7.316
              45          -2.376           7.371
              46           16.02           6.995
              47           73.75           7.939
              48           4.394           7.021
              49          -20.85           6.949
              50           9.559           7.123
              51            38.4           7.183
              52          -2.922           6.726
              53          -14.41           6.723
              54          -7.384           6.547
              55           32.44           7.014
              56          -23.26           6.945
              57           3.211           6.578
              58            8.07           6.734
              59           52.08            7.27
              60          -14.56           6.611
              61          -17.12           6.753
              62           23.11           6.769
              63           56.86            8.51
              64           3.028           7.095
              65          -21.26           7.208
              66            -1.5           7.135
              67           23.19           7.236
              68          -1.403           7.091
              69          -2.204           6.932
              70          -3.107           7.017
              71           21.67           7.295
              72          -17.52           7.062
              73          0.3275           6.934
              74           17.85           7.468
              75           58.68           7.423
              76           -14.8           7.022
              77           -9.67           7.041
              78           26.48           7.213
              79           77.08           7.625
              80          -14.38           7.344
              81           -27.4           7.106
              82          -19.17           6.907
              83           47.13           7.197
              84          -15.99           7.602
              85           -8.56           6.835
              86          -5.302           6.577
              87           59.46           7.204
              88          -18.77           7.185
              89          -23.13           6.985
              90         -0.8634           6.592
              91           80.59           7.538
              92          -22.21           6.929
              93          -25.34           6.904
              94           13.37           6.758
              95           47.33           7.367
              96          -33.43           7.421
              97          0.9952           7.003
              98          -1.507           7.315
              99           16.92           7.541
             100          -21.73           7.372
             101          -11.48           7.322
             102          -7.486           6.954
             103           59.66           7.448
             104          -11.26           7.137
             105          -15.99           7.858
             106            21.8           7.687
             107           62.18           7.857
             108          -26.85           7.218
             109        -0.09302           7.102
             110           34.67           7.327
             111           89.96             7.8
             112          -13.17           7.139
             113          -23.74           6.852
             114          0.5835           6.627
             115           51.72           7.303
             116          -19.92            7.24
             117           13.25           6.778
             118             3.2            6.44
             119           46.72           7.018
             120          -15.17           7.057
             121          -5.192           6.651
             122           13.46           6.756
             123            51.1           7.299
             124          -11.74            6.69
             125           -4.58           6.517
             126           14.43            6.72
             127           111.4           8.195
APV                3              20               1               1
               0           164.8           52.23
               1           9.407           42.41
               2           17.79           44.91
               3          -2.453           41.29
               4          -40.98           35.58
               5          -42.08           21.21
               6          -53.09           17.58
               7          -52.78           12.09
               8          -41.56           10.47
               9          -35.15           9.729
              10           18.84           8.935
              11           15.63           8.395
              12          -40.65           8.349
              13          -47.14           8.373
              14           24.89           8.391
              15           42.39           8.232
              16           6.267           8.401
              17          -26.57           8.112
              18           7.376           8.552
              19          0.9166           7.728
              20          -5.923           8.011
              21          -27.62           7.827
              22          -11.41           7.645
              23           27.53           8.011
              24          -17.11           8.357
              25          -24.16               8
              26           9.561           7.712
              27           25.62           8.237
              28          -7.414           7.607
              29          -23.55           7.887
              30           7.602           7.606
              31           33.04            8.16
              32           4.188           8.483
              33          -27.19           8.776
              34           6.522           8.272
              35           12.08           8.345
              36          -20.95           8.611
              37          -19.47           8.263
              38           24.01           8.473
              39           24.97           8.383
              40          -47.94           9.101
              41          -12.55            8.53
              42           32.14           8.755
              43           40.33           8.663
              44          -43.37           8.599
              45          -22.51            8.26
              46           32.45           8.321
              47           42.08           8.541
              48          -1.917           7.922
              49          -27.38           7.866
              50            7.27           7.948
              51            31.6           8.038
              52          -14.18           7.853
              53          -30.67           7.839
              54           15.05           7.839
              55           17.03           7.982
              56          -19.31           8.093
              57          -15.18           7.771
              58           23.77           8.077
              59           18.92           8.184
              60          -24.41           7.688
              61          -16.11           7.666
              62           30.05           7.683
              63           36.66            8.33
              64          -10.31            9.16
              65          -7.588           8.363
              66          0.6785           8.365
              67           20.68           8.296
              68          -11.22           8.316
              69          -10.91           8.274
              70          -10.12           8.354
              71           32.27           8.277
              72           -25.8           8.245
              73           1.549           8.112
              74           22.82           8.651
              75           31.85           8.389
              76          -33.23           8.091
              77          -9.148           7.863
              78           24.77           8.422
              79           46.35           8.569
              80          -3.584           8.134
              81          -28.12           7.955
              82           4.058           7.785
              83           7.945           7.806
              84          -2.826           8.038
              85          -29.11           7.869
              86           8.118           7.642
              87           22.16           8.026
              88          -35.31           8.184
              89          -41.06            7.94
              90            5.92           7.625
              91           39.54           8.067
              92          -8.751           7.625
              93          -15.78           7.792
              94           11.47           7.783
              95           54.43           8.449
              96          -3.728           8.097
              97          -20.16           8.555
              98           8.442           8.834
              99           12.44           8.429
             100          -7.692           8.247
             101          -30.61           8.443
             102            12.1             8.5
             103            25.7           8.324
             104          -12.12           8.175
             105          -23.18           8.888
             106           6.731           8.201
             107           51.81           8.634
             108          -26.84           8.215
             109          -27.16           8.312
             110           24.66           8.501
             111           84.87           8.615
             112          -20.41           8.385
             113          -17.89           7.749
             114           22.66            8.04
             115           24.06           7.983
             116           -6.92           7.706
             117          -5.873           7.321
             118           15.35           7.667
             119           3.825            7.38
             120          -24.52           7.982
             121          -28.67           7.803
             122           34.35           7.819
             123           49.89           8.115
             124          -16.73            7.66
             125          -3.587           7.361
             126            24.5           7.718
             127           92.18           8.817
APV                3              20               1               4
               0           198.5           52.93
               1           55.99           40.29
               2           36.75           40.66
               3           6.731           35.74
               4          -32.53           30.89
               5          -24.27            18.8
               6          -52.64           15.69
               7          -69.93           11.08
               8          -63.33           9.844
               9          -5.504           8.549
              10          -21.69           7.778
              11          -24.88           7.293
              12          -28.66           7.375
              13          -13.85           7.329
              14           17.47           7.139
              15           29.37           7.259
              16           5.277           7.133
              17          -17.37           6.935
              18            13.1           7.125
              19           -13.3           6.843
              20          -12.85           7.337
              21          -6.317           6.539
              22          -18.25           6.714
              23          -9.183           6.532
              24          -16.05           7.179
              25          -13.25           6.988
              26           20.65           6.631
              27            17.3           7.087
              28          -9.892            6.65
              29           15.59           6.934
              30          -9.709           6.424
              31          -13.29           6.993
              32          -20.68           7.827
              33          -10.87           7.448
              34          -5.261           6.946
              35          -19.63           7.243
              36           -23.8           7.619
              37          -5.308           7.011
              38           1.065           6.725
              39          -3.742           6.718
              40          -6.378           7.532
              41         -0.2741           7.119
              42           15.26           7.437
              43           12.93           7.341
              44          -3.593            6.82
              45           12.83           7.581
              46           3.353           6.593
              47           26.24            7.77
              48          -10.43           7.051
              49          0.3481           6.394
              50           3.228           6.467
              51           15.31           6.591
              52          -13.91           6.948
              53            10.5           6.576
              54           3.088            6.39
              55            3.22           6.273
              56          -20.96           6.881
              57          0.8928           6.358
              58           10.05           6.563
              59           6.969           6.799
              60           12.13           6.481
              61           9.722           6.468
              62           2.296           6.033
              63           24.61           6.698
              64           1.418           7.229
              65           11.68           7.241
              66           22.92           7.512
              67          -19.87           6.944
              68          -19.22            7.77
              69          -11.24           7.046
              70           10.91           7.261
              71           10.19           7.097
              72          -19.25           7.151
              73           38.46           7.303
              74          0.5935           6.807
              75           13.16           7.162
              76            6.97           6.816
              77           4.953           6.811
              78           4.677           6.691
              79           20.78           7.596
              80          -1.372           7.248
              81          -5.479           6.709
              82          0.5779           6.414
              83           9.166           6.694
              84          -17.14           7.523
              85          -14.26               7
              86         -0.6455           6.366
              87           2.751           6.507
              88          -19.23           7.264
              89           4.574           6.716
              90          -12.03           6.678
              91           -1.54           6.683
              92            7.91           6.606
              93           8.656           6.573
              94           4.495           6.345
              95            22.1           7.323
              96          -9.723             7.3
              97           6.059           7.359
              98           5.166           7.207
              99           21.41           7.431
             100          -5.828           7.303
             101           3.185           6.902
             102           1.774           6.693
             103           13.73           7.205
             104          -21.04           7.316
             105           3.765           7.405
             106          -6.448           7.104
             107           4.921           7.334
             108          -16.85           7.216
             109           17.16           7.442
             110           1.121           6.654
             111           31.47           7.749
             112          -21.76           7.554
             113          0.3317           6.446
             114         -0.5569           6.498
             115           12.58           6.816
             116          -20.85            7.15
             117           2.429           6.244
             118           3.458           6.209
             119           11.11           6.807
             120          -2.823           6.715
             121           8.865           6.663
             122           15.29           6.632
             123           15.34           7.117
             124          -8.218           6.393
             125          -11.05            6.55
             126          -12.83           6.426
             127            48.9           8.157
APV                3              20               1               5
               0           125.7           55.01
               1            15.8           42.08
               2           24.85           43.38
               3           31.22           39.08
               4          -67.03           37.49
               5          -72.25           19.73
               6           -77.8           16.65
               7          -36.93           11.42
               8          -72.61           9.829
               9           -57.6           13.96
              10            2.99           7.701
              11           32.72           7.884
              12          -54.92           7.252
              13           -35.2           7.105
              14           31.36           7.076
              15           90.04           16.21
              16          -27.86           7.475
              17          -31.38           20.12
              18          -10.19           6.759
              19           27.13           6.984
              20          -27.79           7.317
              21          -26.74           6.811
              22           17.77           6.613
              23           45.77           7.005
              24          -28.89           11.13
              25           -16.6           7.035
              26           28.92           12.84
              27           61.69           20.31
              28          -33.65           6.974
              29          -44.84           6.757
              30           28.14           22.31
              31           62.18           7.827
              32          -26.89           21.02
              33          -38.42           7.655
              34           6.096           6.866
              35           32.68           7.447
              36           -19.2           8.238
              37          -24.96           7.148
              38          0.4339           6.507
              39           63.21            7.74
              40           -32.8           8.071
              41          -15.51           7.536
              42           23.29           7.499
              43           63.71             7.9
              44          -47.99           7.056
              45          -12.46           7.175
              46           45.28           7.166
              47           66.71           8.509
              48          -44.44           7.091
              49          -16.53           22.43
              50           14.92           6.854
              51           57.01           7.197
              52          -37.77            6.98
              53          -50.89           6.616
              54           6.956           6.403
              55           59.37           7.132
              56           -39.8           6.798
              57          -28.95           6.791
              58           44.42           6.793
              59           50.03           7.508
              60          -11.86           6.387
              61          -26.88           6.504
              62           21.65           6.382
              63           79.34           9.121
              64          -41.23           18.94
              65          -31.81           7.785
              66           6.963           6.851
              67           52.45           7.343
              68          -29.77           17.94
              69          -14.44           7.449
              70           15.22           7.139
              71              33           7.628
              72          -35.47            7.11
              73          -22.15            7.33
              74           33.77           7.234
              75           69.09            7.77
              76          -16.63           7.073
              77           -9.94           15.92
              78           26.36            7.18
              79           99.71           8.381
              80          -29.75           20.73
              81          -43.35           7.038
              82           8.246           6.544
              83           39.56           7.065
              84           -29.8           7.652
              85          -33.35           6.986
              86           21.21           12.48
              87           52.48           7.102
              88          -24.34           7.068
              89          -29.32           6.957
              90           39.82           6.835
              91           73.81           7.714
              92          -8.265           6.409
              93          -2.372           6.322
              94           53.03           6.815
              95           99.27           12.03
              96          -27.18           20.84
              97          -36.08           7.535
              98          -4.506           7.001
              99           56.36           7.672
             100          -17.53            14.5
             101          -26.25           12.18
             102           7.339           6.943
             103           60.83           7.661
             104          -33.15           7.125
             105          -17.62           7.612
             106           27.07           7.187
             107           60.28           20.22
             108          -28.73            7.31
             109          -17.13           14.29
             110           55.06           7.161
             111           91.55           8.638
             112          -31.78           18.92
             113          -33.34           6.868
             114           15.49           6.671
             115           68.86           7.271
             116          -51.88           6.967
             117          -11.13           6.459
             118           19.27            14.1
             119            37.5           23.49
             120          -35.01           6.866
             121           -9.73           6.594
             122           42.23           21.96
             123           92.13            7.71
             124           -11.6           6.464
             125          -18.43           6.459
             126           37.47            6.59
             127             113           9.305
APV                3              20               0               2
               0           90.51           43.02
               1           1.345           42.56
               2          -11.35            41.2
               3          -15.22           36.29
               4          -45.83            27.1
               5          -46.16           18.63
               6          -85.22           13.45
               7          -50.16           9.874
               8           -62.3           8.123
               9          -27.42           7.055
              10           10.88           5.689
              11           3.009            4.57
              12          -42.45           4.919
              13          -13.38           4.938
              14           28.67           4.953
              15           41.22           4.859
              16          -14.52           5.138
              17          -25.33            4.85
              18           6.023           4.879
              19           7.337           4.635
              20          -22.43           4.947
              21          -8.392           4.596
              22            21.1           4.754
              23           19.86           4.617
              24          -22.89           4.895
              25          -16.61           4.593
              26           11.74           4.548
              27           20.22           4.634
              28          -19.01           4.695
              29           6.173           4.485
              30           52.62           4.702
              31           59.67           5.066
              32          -9.977           5.308
              33          -25.59           5.186
              34           2.095           4.772
              35           8.087           4.885
              36          -30.34           5.211
              37          -13.97           4.921
              38           13.16           5.032
              39           15.79           5.092
              40          -29.01           5.293
              41          -13.93           5.227
              42           28.28           5.252
              43           27.41           5.024
              44          -8.056           4.891
              45           14.05           5.254
              46           55.57            5.21
              47           57.53           5.138
              48          -8.408           4.765
              49          -9.158           4.626
              50           16.65           4.837
              51           8.377           4.524
              52          -32.41           4.787
              53          -21.29           4.578
              54           8.144           4.548
              55           18.28           4.613
              56          -23.91           4.719
              57          -13.25           4.662
              58           23.26           4.739
              59           24.89           4.705
              60           -30.4           4.627
              61          -4.287           4.286
              62           57.01           4.762
              63           63.91           5.218
              64          -10.94           5.303
              65          -17.05           5.389
              66          -1.256           4.705
              67           7.221           4.686
              68          -23.21           5.207
              69          -10.64           5.315
              70           12.16           5.172
              71           15.06           4.901
              72          -32.08           4.899
              73          -7.292           4.921
              74            15.6           4.917
              75           21.01           4.839
              76           -25.2           4.825
              77          -1.061           4.379
              78           42.72            5.05
              79           49.77           5.178
              80          -28.12            5.15
              81          -24.82             4.8
              82          -4.031           4.412
              83           10.32           4.677
              84          -12.56           5.018
              85          -2.947            4.41
              86           27.38           4.695
              87            22.5           4.753
              88          -36.73           4.889
              89          -11.09           4.715
              90           37.68           4.623
              91           43.13           4.841
              92          -27.87           4.664
              93          -11.29           4.669
              94           58.69           4.788
              95           69.68           5.072
              96          -15.35           5.119
              97          -6.808           4.855
              98           5.613           5.137
              99           1.016           4.532
             100          -24.87           5.194
             101          -6.522           4.973
             102           12.96           5.056
             103           15.53           4.839
             104          -32.45           5.117
             105           -4.95           5.493
             106           44.12           5.171
             107           43.98           5.002
             108           -16.1           4.868
             109           4.042           4.776
             110            59.8           5.089
             111           81.74           5.176
             112           4.331           4.666
             113          -9.152           4.396
             114          -3.128           4.239
             115           1.187           4.265
             116          -35.01           4.707
             117          -21.52           4.544
             118           16.63            4.57
             119           13.85           4.562
             120          -28.97           4.673
             121           3.123           4.227
             122           45.28            4.59
             123           40.21           4.725
             124          -21.32            4.51
             125          -4.526           4.328
             126           67.43           4.824
             127          -51.64           5.081
APV                3              20               0               3
               0           29.32           40.68
               1             -14           38.54
               2           6.829            36.9
               3          -17.77           33.61
               4          -84.65           28.02
               5          -54.62           18.01
               6          -59.97           16.94
               7          -43.17            13.9
               8          -74.84           11.11
               9          -21.81           12.63
              10           23.36            5.93
              11           4.228           4.961
              12          -41.24           4.776
              13          -18.78           8.521
              14           33.97           12.88
              15           15.96           11.41
              16          -57.93           13.19
              17          -34.02           4.436
              18            21.6           8.827
              19           11.37           13.87
              20          -58.34            11.5
              21          -26.89           9.874
              22            4.36            15.4
              23           2.607           10.46
              24          -42.61           8.946
              25          -13.18           15.92
              26           25.13           14.48
              27           12.28           8.264
              28           -32.9           4.685
              29           11.27           5.045
              30           47.73           4.776
              31           7.939           7.812
              32          -60.51           12.22
              33          -35.67           8.738
              34           4.199           5.825
              35           4.305           7.825
              36          -45.86             9.4
              37          -16.97           11.94
              38           8.461           10.68
              39           16.76           7.259
              40          -25.48           9.738
              41          -0.015           8.795
              42            35.4           13.38
              43           18.33           8.556
              44             -25             7.6
              45           18.22           11.24
              46           62.36           5.444
              47           28.73           5.475
              48          -50.03            8.24
              49          -23.23           13.17
              50           27.65           13.05
              51            17.8           10.93
              52          -39.67           7.883
              53           -19.9           10.97
              54           25.69            9.83
              55           15.05           13.53
              56          -39.54           9.863
              57          -1.945           10.67
              58           49.58           9.705
              59           26.77           13.16
              60          -31.95           8.007
              61           11.39           9.531
              62           67.12           13.45
              63              23           7.684
              64          -49.88           7.846
              65          -24.88           5.383
              66           21.72           9.348
              67           12.47              14
              68          -64.74           9.466
              69          -27.88           5.594
              70           23.52           7.049
              71           18.56           8.685
              72          -43.74           5.065
              73           1.848           9.408
              74           38.62           13.63
              75           22.83            9.35
              76          -32.23           10.95
              77           1.611           11.14
              78           58.87           12.31
              79           24.25            5.33
              80          -59.78           5.032
              81          -36.16           9.796
              82           10.22           15.76
              83           4.771           11.52
              84          -50.66           9.064
              85          -14.91           11.87
              86           19.26           12.54
              87           3.307           14.73
              88          -41.16           12.98
              89           5.431            9.31
              90           48.73            11.5
              91           19.77           10.01
              92          -24.88           14.42
              93           14.66           5.473
              94           72.08           4.771
              95           31.92           4.981
              96          -58.81           7.891
              97          -31.67           12.58
              98           17.61           11.19
              99           17.57           5.189
             100          -38.42            8.41
             101          -20.69           12.14
             102           14.05           9.754
             103           10.24           12.67
             104          -30.95           13.62
             105           14.07           10.63
             106           42.42           14.08
             107           19.72           15.33
             108          -16.39           13.49
             109           16.55           9.087
             110           61.07           12.18
             111           34.79            7.84
             112          -54.18           11.99
             113          -27.92           14.54
             114           29.48           13.33
             115           18.18           8.322
             116          -39.92           11.94
             117           -8.71           8.673
             118           30.63           14.42
             119           20.66           13.79
             120           -18.8           11.44
             121           5.619           7.947
             122           44.62              11
             123           35.16           9.008
             124          -29.62           12.57
             125           6.148           6.178
             126           80.62           9.035
             127           -46.8           4.378
APV                3              20               0               4
               0           130.9           41.23
               1           44.44           36.06
               2           13.37            33.9
               3           11.66           29.69
               4          -17.14           23.88
               5          -38.06           16.31
               6          -88.06           12.61
               7          -53.33            9.58
               8          -52.14           8.391
               9          -50.63           7.703
              10          -10.43           6.105
              11           2.618            5.69
              12          -13.35           5.572
              13          -11.51           5.782
              14           11.88           5.475
              15           44.05           6.169
              16          -5.765           5.837
              17          -23.84           5.802
              18          -18.14           5.719
              19           2.471           5.078
              20          -21.18           5.995
              21           -27.5           5.514
              22         -0.7766            4.95
              23           15.97           5.647
              24           -18.2           6.002
              25          -19.52           5.701
              26           5.029           5.015
              27           41.73           6.049
              28          -20.84           5.725
              29          -12.72           5.728
              30           19.37           5.416
              31           30.63           6.212
              32           -22.5            6.57
              33          -28.16           6.193
              34          -3.265           5.499
              35          -7.391           5.611
              36          -33.99           6.157
              37          -17.56           5.821
              38           1.242           5.442
              39           15.32           6.074
              40          -10.89           6.464
              41           1.782           5.795
              42           2.107           5.519
              43           24.96           6.312
              44          -17.37           5.893
              45          -7.377           6.348
              46           20.87           5.783
              47           51.61           6.848
              48          -5.155           5.638
              49          -2.298           4.987
              50           10.99           5.297
              51           13.14            5.25
              52          -23.08           5.407
              53          -11.65           5.117
              54          -2.762           4.749
              55           20.52           5.435
              56          -19.41           5.521
              57           8.519           5.251
              58           12.97           5.086
              59           31.84           5.712
              60          -8.451            4.99
              61          -19.51           5.367
              62           11.01           4.834
              63           54.66           6.319
              64          0.2777           6.012
              65          -9.097           6.359
              66           5.479           5.348
              67           7.627           5.283
              68          -5.127           5.811
              69           4.285           6.073
              70         -0.5829           5.387
              71           15.17           5.686
              72          -10.51           5.589
              73         -0.5401           5.678
              74           11.91           5.449
              75           44.72           6.107
              76         0.07401           6.042
              77          -10.95           5.495
              78           17.01           5.589
              79           52.62           6.339
              80          -13.18           6.123
              81          -4.799           5.165
              82           8.754           5.348
              83           26.08           5.445
              84           -1.98            5.75
              85           -1.26           5.237
              86           18.38           5.547
              87            29.9           5.413
              88          -17.01           5.843
              89          -12.63           5.734
              90           11.69           5.315
              91           32.72           6.022
              92          -20.49           5.678
              93          -18.98            5.74
              94           9.248           5.121
              95           51.96           6.378
              96          -31.21           6.411
              97           6.091            5.74
              98           14.37           6.136
              99           24.51           5.973
             100          -26.63           6.232
             101          -13.34           6.086
             102          -8.803           5.838
             103           12.85            5.94
             104          -21.19           5.879
             105          -21.71            7.26
             106           9.459           5.755
             107           46.31           6.578
             108          -14.73           5.666
             109         -0.4885           5.742
             110           28.15           5.703
             111           66.03            6.67
             112          -22.97           5.734
             113           18.58           5.241
             114           13.16           5.237
             115           20.54           5.256
             116          -20.55           5.493
             117          -20.34           5.235
             118          -10.78            5.02
             119           3.672           4.839
             120          -9.795           5.199
             121          -15.53           5.275
             122           8.235           4.861
             123           17.24           5.676
             124           0.824            4.63
             125           1.823           4.858
             126           25.66           4.954
             127           16.75           6.399
APV                3              20               0               5
               0             103            44.9
               1           9.594           40.13
               2           36.14           37.93
               3           20.02           33.22
               4           -82.6           26.16
               5          -75.09           17.64
               6          -55.11           13.22
               7          -16.84           9.867
               8          -94.03           8.247
               9          -50.44           7.428
              10           18.17           5.937
              11           31.81            5.62
              12          -54.18           5.243
              13          -16.81           5.343
              14           22.95           5.199
              15           43.47           5.587
              16           -44.3           5.463
              17          -38.59           5.022
              18           1.272            4.84
              19           24.28           5.001
              20          -61.76           5.501
              21          -28.79           5.001
              22            18.5           4.836
              23           25.79           5.007
              24          -55.11           5.441
              25          -36.39           5.085
              26           40.14           4.831
              27           46.51           5.355
              28          -33.28           4.934
              29          -10.51           4.847
              30           38.88           4.785
              31           52.05           5.737
              32          -42.08           6.176
              33           -53.5           5.481
              34           2.451           4.975
              35           21.07           5.505
              36          -52.02           5.957
              37          -33.91           5.483
              38           28.96             5.3
              39           31.36           5.556
              40          -69.38           6.006
              41          -26.48            5.55
              42           28.23           5.485
              43           43.35           5.716
              44          -34.64           5.368
              45          -7.426           5.651
              46           47.83           5.493
              47           54.96           6.218
              48          -37.22           5.276
              49          -29.05           4.996
              50           4.442           4.649
              51           22.53           5.119
              52          -51.17           5.081
              53          -29.17           4.757
              54           22.04           4.817
              55           35.99           5.088
              56          -42.13           5.069
              57          -2.852           4.626
              58           44.45           4.774
              59           53.24           5.336
              60          -22.27           4.738
              61           1.266            4.35
              62           45.22            4.72
              63            44.7               6
              64          -57.87           6.371
              65          -38.03           5.911
              66            12.5           5.263
              67           19.21           5.217
              68          -46.72           5.871
              69          -35.98           5.757
              70           16.19           5.366
              71           33.58           5.457
              72          -34.14           5.277
              73          -16.78            5.65
              74           35.12             5.2
              75           53.16            5.59
              76          -32.69           5.019
              77           10.62           4.998
              78           48.13           5.197
              79           37.89           6.226
              80          -54.43           5.703
              81          -33.85           4.993
              82           7.898           4.811
              83           29.46           5.113
              84          -49.16           5.661
              85          -30.62           5.063
              86           22.32           4.933
              87           40.91           5.182
              88          -40.49           5.185
              89          -22.99           5.088
              90           54.16           4.827
              91           52.07           5.455
              92          -28.98           4.915
              93           -11.2           4.961
              94           40.02           4.901
              95           55.59            6.16
              96          -37.95           5.594
              97          -33.69           5.218
              98           18.36           5.371
              99           29.29           5.452
             100          -49.13           5.817
             101          -26.41           5.346
             102           14.05            5.32
             103           25.69             5.4
             104          -38.15           5.305
             105          -13.53           6.547
             106           28.46           5.364
             107           44.22           5.893
             108          -29.11           5.155
             109           14.59            5.41
             110           59.71           5.444
             111           67.05           6.401
             112          -46.36           5.636
             113          -24.85           4.864
             114           17.77           4.887
             115           41.99           5.094
             116          -51.35            5.16
             117          -42.29           4.925
             118           21.15           4.665
             119           35.47           5.021
             120          -30.16           4.964
             121           -11.7           4.896
             122           46.95           4.731
             123           48.71           5.392
             124          -23.68           4.693
             125           1.097           4.397
             126           69.48           4.917
             127           6.097           5.955
