           7           0           0          83
           7           1           0         422
           7           2           0          67
           7           3           0          86
           7           4           0         131
           7           8           0          96
           7           9           0         101
           7          10           0         205
           7          11           0         181
           7          12           0         382
           4           0           0         135
           4           1           0         461
           4           2           0         185
           4           3           0         142
           4           4           0         294
           4           5           0         604
           4           6           0         149
           4           7           0         257
           4           8           0         116
           4           9           0          76
           4          10           0         173
           4          11           0         164
          15           0           0          13
          15           1           0          13
          15           2           0          11
          15           3           0           8
          15           4           0           8
          15           5           0          19
          15           6           0          18
          15           7           0          20
          15           8           0          25
          15           9           0          24
          15          10           0          20
          15          11           0          37
          14           0           0         179
          14           1           0         465
          14           2           0         379
          14           3           0         266
          14           4           0         360
          14           5           0         413
          14           6           0         613
          14           7           0         107
          14           8           0         235
          14           9           0         213
          14          10           0         433
          14          11           0         240
           6           0           0         283
           6           1           0         383
           6           2           0         252
           6           3           0         179
           6           4           0         200
           6           5           0         406
           6           6           0         190
           6           7           0         146
           6           8           0         174
           6           9           0         303
           6          10           0          73
           6          11           0          25
           6          12           0          26
           6          13           0          18
           6          14           0          21
           5           0           0         200
           5           1           0          28
           5           2           0          45
           5           3           0          38
           5           4           0          27
           5           5           0         195
           5           6           0         242
           5           7           0         222
           5           8           0         281
           5           9           0         297
           5          10           0         217
           5          11           0         233
           5          12           0         195
           5          13           0         179
           5          14           0         375
          13           0           0         246
          13           1           0         220
          13           2           0         243
          13           3           0         447
          13           4           0         389
          13           5           0         278
          13           6           0         445
          13           7           0         255
          13           8           0         250
          13           9           0         256
          13          10           0         547
          13          11           0         344
