          20          23           0         144         552
          20          23           1         313         663
          20          23           2         276         647
          20          23           3         202         576
          20          23           5         305         650
          20          23           6         371         664
          20          23           7         362         648
          20          23           8         289         676
          20          23          10         376         672
          20          23          11         382         690
          20          23          12         323         604
          20          23          13         305         547
          20          22           0         349         648
          20          22           1         368         669
          20          22           2         318         626
          20          22           3         305         632
          20          22           4         263         614
          20          22           5         290         522
          20          22           6         394         662
          20          22           7         283         569
          20          22           8         254         548
          20          22           9         296         607
          20          22          10         277         617
          20          22          11         311         610
          20          22          12         295         597
          20          22          13         256         575
          20          22          14         194         507
          20          21           1         382         708
          20          21           2         328         607
          20          21           3         342         647
          20          21           4         298         632
          20          21           5         279         544
          20          21           6         341         622
          20          21           7         400         668
          20          21           8         385         714
          20          21          10         276         620
          20          21          11         294         625
          20          21          12         271         611
          20          21          13         290         394
          20          20           0         353         645
          20          20           1         309         568
          20          20           2         353         622
          20          20           3         295         570
          20          20           4         393         653
          20          20           5         403         632
          20          20           6         416         656
          20          20           7         320         506
          20          20           8         235         507
          20          20           9         239         523
          20          20          10         169         541
          20          20          11         295         651
          20          20          12         389         699
          20          20          13         323         563
          20          20          14         344         567
          20          19           0         304         689
          20          19           1         244         581
          20          19           2         313         626
          20          19           3         260         587
          20          19           6         386         641
          20          19           7         330         612
          20          19           8         445         712
          20          19           9         371         617
          20          19          11         389         747
          20          19          12         316         641
          20          19          13         319         616
          20          19          14         373         587
          20          18           0         291         511
          20          18           1         353         574
          20          18           2         438         693
          20          18           3         362         611
          20          18           4         376         663
          20          18           5         377         615
          20          18           6         361         577
          20          18           7         359         585
          20          18           8         395         623
          20          18           9         280         557
          20          18          10         342         602
          20          18          11         412         666
          20          18          12         413         604
          20          18          13         347         581
          20          18          14         381         680
          20          17           1         434         676
          20          17           2         346         583
          20          17           3         338         560
          20          17           4         434         684
          20          17           6         423         728
          20          17           7         354         666
          20          17           8         428         721
          20          17           9         329         626
          20          17          10         258         502
          20          17          11         369         704
          20          17          12         466         777
          20          17          13         276         623
          20          16           0           0           0
          20          16           1         345         619
          20          16           2         364         612
          20          16           3         343         643
          20          16           4         252         565
          20          16           5         294         499
          20          16           6         310         527
          20          16           7         330         560
          20          16           8         307         589
          20          16           9         304         620
          20          16          10         320         575
          20          16          11         420         651
          20          16          12         340         533
          20          16          13         225         414
          20          16          14         364         624
          20          14           0         389         532
          20          14           1         390         550
          20          14           2         359         514
          20          14           3         366         512
          20          14           4         389         549
          20          14           5         180         362
          20          14           6         371         556
          20          14           7         389         563
          20          14           8         345         486
          20          14           9         341         525
          20          14          10         359         534
          20          14          11         387         588
          20          14          12         305         439
          20          14          13         373         526
          20          14          14         355         528
          20          13           0         435         544
          20          13           1         433         561
          20          13           2         495         605
          20          13           3         491         594
          20          13           4         411         535
          20          13           5         405         537
          20          13           6         415         550
          20          13           7         371         525
          20          13           8         411         535
          20          13           9         488         616
          20          13          10         404         543
          20          13          11         402         536
          20          13          12         274         417
          20          13          13         399         545
          20          13          14         397         554
          20          12           0         457         580
          20          12           1         409         532
          20          12           2         448         564
          20          12           3         607         741
          20          12           4         359         503
          20          12           5         454         608
          20          12           6         460         603
          20          12           7         248         415
          20          12           8         384         495
          20          12           9         192         301
          20          12          10         289         410
          20          12          11         199         304
          20          12          12         369         487
          20          12          13         393         504
          20          12          14         456         575
          20          11           0         410         524
          20          11           1         399         523
          20          11           2         503         628
          20          11           3         446         569
          20          11           4         527         681
          20          11           5         503         615
          20          11           6         356         478
          20          11           7         340         474
          20          11           8         226         360
          20          11           9         428         555
          20          11          10         501         614
          20          11          11         307         424
          20          11          12         379         514
          20          11          13         293         422
          20          11          14         477         580
          20          10           0         217         355
          20          10           1         403         539
          20          10           2         256         392
          20          10           3         265         427
          20          10           4         192         344
          20          10           5         438         583
          20          10           6         253         418
          20          10           7         469         619
          20          10           8         421         538
          20          10           9         318         457
          20          10          10         476         604
          20          10          11         276         429
          20          10          12         426         546
          20          10          13         328         457
          20          10          14         379         519
          20           9           0         387         510
          20           9           1         312         433
          20           9           2         540         629
          20           9           3         327         450
          20           9           4         485         594
          20           9           5         420         528
          20           9           6         407         533
          20           9           7         430         571
          20           9           8         457         566
          20           9           9         266         395
          20           9          10         372         498
          20           9          11         472         598
          20           9          12         454         564
          20           9          13         487         595
          20           9          14         420         541
          20           8           0         238         375
          20           8           1         406         536
          20           8           2         437         557
          20           8           3         275         417
          20           8           4         332         486
          20           8           5         342         495
          20           8           6         439         593
          20           8           7         424         592
          20           8           8         359         522
          20           8           9         516         660
          20           8          10         240         376
          20           8          11         332         468
          20           8          12         411         548
          20           8          13         386         513
          20           8          14         326         476
          20           7           0         446         552
          20           7           1         417         528
          20           7           2         394         503
          20           7           3         396         517
          20           7           4         395         522
          20           7           5         207         318
          20           7           6         487         588
          20           7           7         412         503
          20           7           8         404         520
          20           7           9         470         600
          20           7          10         426         550
          20           7          11         437         571
          20           7          12         486         619
          20           7          13         402         532
          20           7          14         331         483
          20           6           0         710         815
          20           6           1         789         894
          20           6           2         629         739
          20           6           3         782         896
          20           6           4         711         844
          20           6           8         418         529
          20           6           9         339         449
          20           6          10         373         498
          20           6          11         391         494
          20           6          12         429         524
          20           3           0         396         515
          20           3           1         347         472
          20           3           2         272         420
          20           3           3         321         430
          20           3           4         314         426
          20           3           5         420         533
          20           3           6         550         654
          20           3           7         444         570
          20           3           8         529         636
          20           3           9         493         586
          20           3          10         612         706
          20           3          11         549         650
          20           2           0         518         628
          20           2           1         484         591
          20           2           2         311         438
          20           2           3         361         483
          20           2           4         472         588
          20           2           5         505         615
          20           2           6         528         646
          20           2           7         375         506
          20           2           8         578         690
          20           2           9         700         785
          20           2          10         321         449
          20           2          11         607         709
          20           1           0         489         613
          20           1           1         647         759
          20           1           2         501         638
          20           1           3         443         559
          20           1           4         570         682
          20           1           5         606         706
          20           1           6         657         762
          20           1           7         612         710
          20           1           8         557         657
          20           1           9         593         699
          20           1          10         554         664
          20           1          11         188         195
          20           5           0         467         572
          20           5           1         549         655
          20           5           2         524         616
          20           5           3         392         498
          20           5           4         543         648
          20           5           5         492         599
          20           5           6         325         458
          20           5           7         464         579
          20           5           8         329         461
          20           5           9         604         721
          20           5          10         411         547
          20           5          11         212         342
          20           5          12         218         329
          20           5          13         442         556
          20           5          14         454         559
          20           4           0         412         524
          20           4           1         476         593
          20           4           2         482         599
          20           4           3         520         633
          20           4           4         460         576
          20           4           5         432         553
          20           4           6         422         535
          20           4           7         276         390
          20           4           8         441         548
          20           4           9         291         427
          20           4          10         469         586
          20           4          11         407         530
          20           4          12         459         567
          20           4          13         424         543
          20           4          14         369         501
          20           0           0         524         664
          20           0           1         619         747
          20           0           2         457         583
          20           0           3         553         667
          20           0           4         630         741
          20           0           5         454         562
          20           0           6         708         817
          20           0           7         699         810
          20           0           8         546         654
          20           0           9         521         635
          20           0          10         561         666
          20           0          11         701         819
