           6          11           0           0           0
           6          11           1           0           0
           6          11           2           0           0
           6          11           3           0           0
           6          11           5           0           0
           6          11           6           0           0
           6          11           7           0           0
           6          11           8           0           0
           6          11          10           0           0
           6          11          11           0           0
           6          11          12           0           0
           6          11          13           0           0
           6          10           0           0           0
           6          10           1           0           0
           6          10           2           0           0
           6          10           3           0           0
           6          10           4           0           0
           6          10           5           0           0
           6          10           6           0           0
           6          10           7           0           0
           6          10           8           0           0
           6          10           9           0           0
           6          10          10           0           0
           6          10          11           0           0
           6          10          12           0           0
           6          10          13           0           0
           6          10          14           0           0
           6           9           1           0           0
           6           9           2           0           0
           6           9           3           0           0
           6           9           4           0           0
           6           9           5           0           0
           6           9           6           0           0
           6           9           7           0           0
           6           9           8           0           0
           6           9          10           0           0
           6           9          11           0           0
           6           9          12           0           0
           6           9          13           0           0
           6           8           0           0           0
           6           8           1           0           0
           6           8           2           0           0
           6           8           3           0           0
           6           8           4           0           0
           6           8           5           0           0
           6           8           6           0           0
           6           8           7           0           0
           6           8           8           0           0
           6           8           9           0           0
           6           8          10           0           0
           6           8          11           0           0
           6           8          12           0           0
           6           8          13           0           0
           6           8          14           0           0
           6           3           0           0           0
           6           3           1           0           0
           6           3           2           0           0
           6           3           3           0           0
           6           3           6           0           0
           6           3           7           0           0
           6           3           8           0           0
           6           3           9           0           0
           6           3          11           0           0
           6           3          12           0           0
           6           3          13           0           0
           6           3          14           0           0
           6           2           0           0           0
           6           2           1           0           0
           6           2           2           0           0
           6           2           3           0           0
           6           2           4           0           0
           6           2           5           0           0
           6           2           6           0           0
           6           2           7           0           0
           6           2           8           0           0
           6           2           9           0           0
           6           2          10           0           0
           6           2          11           0           0
           6           2          12           0           0
           6           2          13           0           0
           6           2          14           0           0
           6           1           1           0           0
           6           1           2           0           0
           6           1           3           0           0
           6           1           4           0           0
           6           1           6           0           0
           6           1           7           0           0
           6           1           8           0           0
           6           1           9           0           0
           6           1          10           0           0
           6           1          11           0           0
           6           1          12           0           0
           6           1          13           0           0
           6           0           0           0           0
           6           0           1           0           0
           6           0           2           0           0
           6           0           3           0           0
           6           0           4           0           0
           6           0           5           0           0
           6           0           6           0           0
           6           0           7           0           0
           6           0           8           0           0
           6           0           9           0           0
           6           0          10           0           0
           6           0          11           0           0
           6           0          12           0           0
           6           0          13           0           0
           6           0          14           0           0
           6           7           0         264         456
           6           7           1         481         696
           6           7           2         315         542
           6           7           3         460         694
           6           7           4         306         544
           6           7           8         415         610
           6           7           9         309         523
           6           7          10         417         644
           6           7          11         283         514
           6           7          12         503         731
           6           4           0         317         594
           6           4           1         326         520
           6           4           2         277         517
           6           4           3         359         472
           6           4           4         564         750
           6           4           5         516         695
           6           4           6         333         517
           6           4           7         406         597
           6           4           8         376         578
           6           4           9         301         538
           6           4          10         351         558
           6           4          11         369         582
           6          15           0         252         715
           6          15           1         586         792
           6          15           2         496         924
           6          15           3         631         847
           6          15           4         386        1025
           6          15           5         564        1424
           6          15           6         596        1793
           6          15           7         562        2041
           6          15           8         595        1610
           6          15           9         546        1160
           6          15          10         479        1114
           6          15          11         455        1074
           6          14           0         521         887
           6          14           1         394         672
           6          14           2         324         628
           6          14           3         582         842
           6          14           4         395         616
           6          14           5         526         763
           6          14           6         501         829
           6          14           7         351         792
           6          14           8         428         999
           6          14           9         520        1068
           6          14          10         599        1003
           6          14          11         517         810
           6           6           0         541         779
           6           6           1         582         881
           6           6           2         457         729
           6           6           3         588         908
           6           6           4         529         824
           6           6           5         435         720
           6           6           6         267         576
           6           6           7         217         587
           6           6           8         427         828
           6           6           9         387         829
           6           6          10         482        1361
           6           6          11         437        1695
           6           6          12         457        1653
           6           6          13         347        1007
           6           6          14         481         968
           6           5           0         382         622
           6           5           1         208         662
           6           5           2         278         753
           6           5           3         244         713
           6           5           4         395         975
           6           5           5         439         966
           6           5           6         428         874
           6           5           7         271         719
           6           5           8         256         682
           6           5           9         268         707
           6           5          10         368         618
           6           5          11         436         732
           6           5          12         393         729
           6           5          13         316         577
           6           5          14         474         855
           6          13           0         466         679
           6          13           1         439         678
           6          13           2         526         741
           6          13           3         507         674
           6          13           4         616         775
           6          13           5         668        1002
           6          13           6         596         768
           6          13           7         407         568
           6          13           8         533         729
           6          13           9         569         791
           6          13          10         599         820
           6          13          11         581         848
