          20          23           0           0           0
          20          23           1           0           0
          20          23           2           0           0
          20          23           3           0           0
          20          23           5           0           0
          20          23           6           0           0
          20          23           7           0           0
          20          23           8           0           0
          20          23          10           0           0
          20          23          11           0           0
          20          23          12           0           0
          20          23          13           0           0
          20          22           0           0           0
          20          22           1           0           0
          20          22           2           0           0
          20          22           3           0           0
          20          22           4           0           0
          20          22           5           0           0
          20          22           6           0           0
          20          22           7           0           0
          20          22           8           0           0
          20          22           9           0           0
          20          22          10           0           0
          20          22          11           0           0
          20          22          12           0           0
          20          22          13           0           0
          20          22          14           0           0
          20          21           1           0           0
          20          21           2           0           0
          20          21           3           0           0
          20          21           4           0           0
          20          21           5           0           0
          20          21           6           0           0
          20          21           7           0           0
          20          21           8           0           0
          20          21          10           0           0
          20          21          11           0           0
          20          21          12           0           0
          20          21          13           0           0
          20          20           0           0           0
          20          20           1           0           0
          20          20           2           0           0
          20          20           3           0           0
          20          20           4           0           0
          20          20           5           0           0
          20          20           6           0           0
          20          20           7           0           0
          20          20           8           0           0
          20          20           9           0           0
          20          20          10           0           0
          20          20          11           0           0
          20          20          12           0           0
          20          20          13           0           0
          20          20          14           0           0
          20          19           0           0           0
          20          19           1           0           0
          20          19           2           0           0
          20          19           3           0           0
          20          19           6           0           0
          20          19           7           0           0
          20          19           8           0           0
          20          19           9           0           0
          20          19          11           0           0
          20          19          12           0           0
          20          19          13           0           0
          20          19          14           0           0
          20          18           0           0           0
          20          18           1           0           0
          20          18           2           0           0
          20          18           3           0           0
          20          18           4           0           0
          20          18           5           0           0
          20          18           6           0           0
          20          18           7           0           0
          20          18           8           0           0
          20          18           9           0           0
          20          18          10           0           0
          20          18          11           0           0
          20          18          12           0           0
          20          18          13           0           0
          20          18          14           0           0
          20          17           1           0           0
          20          17           2           0           0
          20          17           3           0           0
          20          17           4           0           0
          20          17           6           0           0
          20          17           7           0           0
          20          17           8           0           0
          20          17           9           0           0
          20          17          10           0           0
          20          17          11           0           0
          20          17          12           0           0
          20          17          13           0           0
          20          16           0           0           0
          20          16           1           0           0
          20          16           2           0           0
          20          16           3           0           0
          20          16           4           0           0
          20          16           5           0           0
          20          16           6           0           0
          20          16           7           0           0
          20          16           8           0           0
          20          16           9           0           0
          20          16          10           0           0
          20          16          11           0           0
          20          16          12           0           0
          20          16          13           0           0
          20          16          14           0           0
          20          14           0           0           0
          20          14           1           0           0
          20          14           2           0           0
          20          14           3           0           0
          20          14           4           0           0
          20          14           5           0           0
          20          14           6           0           0
          20          14           7           0           0
          20          14           8           0           0
          20          14           9           0           0
          20          14          10           0           0
          20          14          11           0           0
          20          14          12           0           0
          20          14          13           0           0
          20          14          14           0           0
          20          13           0           0           0
          20          13           1           0           0
          20          13           2           0           0
          20          13           3           0           0
          20          13           4           0           0
          20          13           5           0           0
          20          13           6           0           0
          20          13           7           0           0
          20          13           8           0           0
          20          13           9           0           0
          20          13          10           0           0
          20          13          11           0           0
          20          13          12           0           0
          20          13          13           0           0
          20          13          14           0           0
          20          12           0           0           0
          20          12           1           0           0
          20          12           2           0           0
          20          12           3           0           0
          20          12           4           0           0
          20          12           5           0           0
          20          12           6           0           0
          20          12           7           0           0
          20          12           8           0           0
          20          12           9           0           0
          20          12          10           0           0
          20          12          11           0           0
          20          12          12           0           0
          20          12          13           0           0
          20          12          14           0           0
          20          11           0           0           0
          20          11           1           0           0
          20          11           2           0           0
          20          11           3           0           0
          20          11           4           0           0
          20          11           5           0           0
          20          11           6           0           0
          20          11           7           0           0
          20          11           8           0           0
          20          11           9           0           0
          20          11          10           0           0
          20          11          11           0           0
          20          11          12           0           0
          20          11          13           0           0
          20          11          14           0           0
          20          10           0           0           0
          20          10           1           0           0
          20          10           2           0           0
          20          10           3           0           0
          20          10           4           0           0
          20          10           5           0           0
          20          10           6           0           0
          20          10           7           0           0
          20          10           8           0           0
          20          10           9           0           0
          20          10          10           0           0
          20          10          11           0           0
          20          10          12           0           0
          20          10          13           0           0
          20          10          14           0           0
          20           9           0           0           0
          20           9           1           0           0
          20           9           2           0           0
          20           9           3           0           0
          20           9           4           0           0
          20           9           5           0           0
          20           9           6           0           0
          20           9           7           0           0
          20           9           8           0           0
          20           9           9           0           0
          20           9          10           0           0
          20           9          11           0           0
          20           9          12           0           0
          20           9          13           0           0
          20           9          14           0           0
          20           8           0           0           0
          20           8           1           0           0
          20           8           2           0           0
          20           8           3           0           0
          20           8           4           0           0
          20           8           5           0           0
          20           8           6           0           0
          20           8           7           0           0
          20           8           8           0           0
          20           8           9           0           0
          20           8          10           0           0
          20           8          11           0           0
          20           8          12           0           0
          20           8          13           0           0
          20           8          14           0           0
          20           7           0           0         556
          20           7           1           0         542
          20           7           2           0         514
          20           7           3           0         530
          20           7           4           0         524
          20           7           5           0         345
          20           7           6           0         605
          20           7           7           0         510
          20           7           8           0         526
          20           7           9           0         639
          20           7          10           0         586
          20           7          11           0         576
          20           7          12           0         631
          20           7          13           0         545
          20           7          14           0         492
          20           6           0           0         745
          20           6           1           0         829
          20           6           2           0         667
          20           6           3           0         821
          20           6           4           0         769
          20           6           8           0         529
          20           6           9           0         450
          20           6          10           0         491
          20           6          11           0         502
          20           6          12           0         530
          20           3           0           0         522
          20           3           1           0         473
          20           3           2           0         429
          20           3           3           0         434
          20           3           4           0         434
          20           3           5           0         534
          20           3           6           0         659
          20           3           7           0         575
          20           3           8           0         645
          20           3           9           0         587
          20           3          10           0         712
          20           3          11           0         645
          20           2           0           0         633
          20           2           1           0         592
          20           2           2           0         477
          20           2           3           0         486
          20           2           4           0         600
          20           2           5           0         625
          20           2           6           0         662
          20           2           7           0         551
          20           2           8           0         703
          20           2           9           0         792
          20           2          10           0         469
          20           2          11           0         719
          20           1           0           0         598
          20           1           1           0         760
          20           1           2           0         635
          20           1           3           0         555
          20           1           4           0         684
          20           1           5           0         709
          20           1           6           0         761
          20           1           7           0         712
          20           1           8           0         654
          20           1           9           0         694
          20           1          10           0         654
          20           1          11           0         194
          20           5           0           0         574
          20           5           1           0         668
          20           5           2           0         617
          20           5           3           0         498
          20           5           4           0         661
          20           5           5           0         605
          20           5           6           0         458
          20           5           7           0         573
          20           5           8           0         441
          20           5           9           0         705
          20           5          10           0         543
          20           5          11           0         341
          20           5          12           0         333
          20           5          13           0         558
          20           5          14           0         572
          20           4           0           0         519
          20           4           1           0         591
          20           4           2           0         597
          20           4           3           0         635
          20           4           4           0         572
          20           4           5           0         563
          20           4           6           0         548
          20           4           7           0         403
          20           4           8           0         565
          20           4           9           0         443
          20           4          10           0         594
          20           4          11           0         532
          20           4          12           0         569
          20           4          13           0         541
          20           4          14           0         495
          20           0           0           0         646
          20           0           1           0         730
          20           0           2           0         574
          20           0           3           0         668
          20           0           4           0         729
          20           0           5           0         557
          20           0           6           0         805
          20           0           7           0         799
          20           0           8           0         640
          20           0           9           0         617
          20           0          10           0         657
          20           0          11           0         800
