          11           0         266         677
          11           1         375         761
          11           2         327         720
          11           3         228         620
          11           5         399         608
          11           6         471         644
          11           7         447         631
          11           8         400         663
          11          10         430         604
          11          11         455         636
          11          12         403         573
          11          13         385         580
          10           0         415         631
          10           1         465         618
          10           2         435         602
          10           3         398         625
          10           4         344         646
          10           5         366         549
          10           6         477         633
          10           7         394         556
          10           8         362         528
          10           9         347         547
          10          10         426         566
          10          11         441         589
          10          12         381         543
          10          13         353         533
          10          14         289         484
           9           1         426         734
           9           2         345         662
           9           3         303         664
           9           4         347         684
           9           5         343         531
           9           6         395         585
           9           7         454         631
           9           8         484         707
           9          10         365         604
           9          11         387         596
           9          12         301         537
           9          13         315         422
           8           0         375         610
           8           1         394         553
           8           2         452         615
           8           3         378         579
           8           4         405         745
           8           5         469         606
           8           6         515         653
           8           7         394         520
           8           8         285         460
           8           9         340         545
           8          10         358         522
           8          11         442         617
           8          12         480         655
           8          13         374         532
           8          14         378         548
           3          11           0           0
           3          12           0           0
           3          13           0           0
           3          14           0           0
           2           0           0           0
           2           1           0           0
           2           2           0           0
           2           3           0           0
           2           4           0           0
           2           5           0           0
           2           6           0           0
           2           7           0           0
           2           8           0           0
           2           9           0           0
           2          10           0           0
           2          11           0           0
           2          12           0           0
           2          13           0           0
           2          14           0           0
           1           1           0           0
           1           2           0           0
           1           3           0           0
           1           4           0           0
           1           6           0           0
           1           7           0           0
           1           8           0           0
           1           9           0           0
           1          10           0           0
           1          11           0           0
           1          12           0           0
           1          13           0           0
           0           0           0           0
           0           1           0           0
           0           2           0           0
           0           3           0           0
           0           4           0           0
           0           5           0           0
           0           6           0           0
           0           7           0           0
           0           8           0           0
           0           9           0           0
           0          10           0           0
           0          11           0           0
           0          12           0           0
           0          13           0           0
           0          14           0           0
