           4          13           0         389        1060
           4          13           1         554        1110
           4          13           2         432         898
           4          13           3         450         936
           4          13           4         236         933
           4          13           5         455        1255
           4          13           6         403         907
           4          13           7         586         954
           4          13           8         463        1538
           4          13           9         470        1244
           4          13          10         577        1326
           4          13          11         337        1167
           4          13          12         631        1117
           4          13          13         533        1027
           4          13          14         575        1237
           4          12           0         527        1173
           4          12           1         619         994
           4          12           2         814        1075
           4          12           3         646         864
           4          12           4         709        1052
           4          12           5         656         939
           4          12           6         625         995
           4          12           7         641        1236
           4          12           8         724        1022
           4          12           9         538         925
           4          12          10         598         981
           4          12          11         725        1244
           4          12          12         681         991
           4          12          13         727        1088
           4          12          14         615        1153
           4          11           0         449        1118
           4          11           1         637        1227
           4          11           2         709        1216
           4          11           3         525        1079
           4          11           4         557         994
           4          11           5         543        1161
           4          11           6         637        1353
           4          11           7         649        1541
           4          11           8         532        1162
           4          11           9         699        1265
           4          11          10         629         950
           4          11          11         759        1357
           4          11          12         826        1074
           4          11          13         762        1007
           4          11          14         556        1003
           4          10           0         801        1029
           4          10           1         743         970
           4          10           2         737         904
           4          10           3         812         963
           4          10           4         777        1109
           4          10           5         461         833
           4          10           6         724        1063
           4          10           7         724         897
           4          10           8         721        1251
           4          10           9         751        1182
           4          10          10         740        1130
           4          10          11         704        1151
           4          10          12         917        1211
           4          10          13         768        1109
           4          10          14         598        1047
