          20          23           0           0         451
          20          23           1           0         553
          20          23           2           0         526
          20          23           3           0         468
          20          23           5           0         522
          20          23           6           0         551
          20          23           7           0         561
          20          23           8           0         557
          20          23          10           0         633
          20          23          11           0         649
          20          23          12           0         589
          20          23          13           0         558
          20          22           0           0         540
          20          22           1           0         560
          20          22           2           0         505
          20          22           3           0         515
          20          22           4           0         509
          20          22           5           0         465
          20          22           6           0         579
          20          22           7           0         479
          20          22           8           0         459
          20          22           9           0         520
          20          22          10           0         600
          20          22          11           0         595
          20          22          12           0         587
          20          22          13           0         590
          20          22          14           0         546
          20          21           1           0         625
          20          21           2           0         523
          20          21           3           0         532
          20          21           4           0         516
          20          21           5           0         458
          20          21           6           0         519
          20          21           7           0         580
          20          21           8           0         634
          20          21          10           0         581
          20          21          11           0         589
          20          21          12           0           0
          20          21          13           0           0
          20          20           0           0         565
          20          20           1           0         482
          20          20           2           0         539
          20          20           3           0         483
          20          20           4           0         587
          20          20           5           0         582
          20          20           6           0         599
          20          20           7           0         465
          20          20           8           0         419
          20          20           9           0         462
          20          20          10           0         543
          20          20          11           0         652
          20          20          12           0         698
          20          20          13           0         569
          20          20          14           0         555
          20          19           0           0         607
          20          19           1           0         489
          20          19           2           0         521
          20          19           3           0         474
          20          19           6           0         590
          20          19           7           0         539
          20          19           8           0         642
          20          19           9           0           0
          20          19          11           0         633
          20          19          12           0         540
          20          19          13           0         529
          20          19          14           0         561
          20          18           0           0         465
          20          18           1           0         501
          20          18           2           0         593
          20          18           3           0         520
          20          18           4           0         575
          20          18           5           0         579
          20          18           6           0         544
          20          18           7           0         553
          20          18           8           0         591
          20          18           9           0         530
          20          18          10           0         584
          20          18          11           0         669
          20          18          12           0         649
          20          18          13           0         627
          20          18          14           0         706
          20          17           1           0         629
          20          17           2           0         532
          20          17           3           0         516
          20          17           4           0         630
          20          17           6           0         701
          20          17           7           0         611
          20          17           8           0         674
          20          17           9           0         610
          20          17          10           0         447
          20          17          11           0         610
          20          17          12           0         679
          20          17          13           0         530
          20          16           0           0           0
          20          16           1           0         548
          20          16           2           0         562
          20          16           3           0         576
          20          16           4           0         487
          20          16           5           0         491
          20          16           6           0         466
          20          16           7           0         502
          20          16           8           0         509
          20          16           9           0         548
          20          16          10           0         519
          20          16          11           0         610
          20          16          12           0         500
          20          16          13           0         391
          20          16          14           0         603
          20          14           0           0         561
          20          14           1           0         583
          20          14           2           0         535
          20          14           3           0         526
          20          14           4           0         591
          20          14           5           0         390
          20          14           6           0         592
          20          14           7           0         605
          20          14           8           0         507
          20          14           9           0         551
          20          14          10           0         560
          20          14          11           0         623
          20          14          12           0         471
          20          14          13           0         557
          20          14          14           0         545
          20          13           0           0         510
          20          13           1           0         543
          20          13           2           0         575
          20          13           3           0         512
          20          13           4           0         541
          20          13           5           0         542
          20          13           6           0         557
          20          13           7           0         523
          20          13           8           0         549
          20          13           9           0         633
          20          13          10           0         551
          20          13          11           0         541
          20          13          12           0         445
          20          13          13           0         567
          20          13          14           0         578
          20          12           0           0         597
          20          12           1           0         558
          20          12           2           0         586
          20          12           3           0         752
          20          12           4           0         535
          20          12           5           0         654
          20          12           6           0         643
          20          12           7           0         448
          20          12           8           0         517
          20          12           9           0         314
          20          12          10           0         422
          20          12          11           0         326
          20          12          12           0         504
          20          12          13           0         525
          20          12          14           0         594
          20          11           0           0         521
          20          11           1           0         613
          20          11           2           0         584
          20          11           3           0         587
          20          11           4           0         694
          20          11           5           0         625
          20          11           6           0         487
          20          11           7           0         472
          20          11           8           0         377
          20          11           9           0         571
          20          11          10           0         621
          20          11          11           0         436
          20          11          12           0         535
          20          11          13           0         439
          20          11          14           0         597
          20          10           0           0         369
          20          10           1           0         550
          20          10           2           0         408
          20          10           3           0         442
          20          10           4           0         354
          20          10           5           0         590
          20          10           6           0         428
          20          10           7           0         633
          20          10           8           0         549
          20          10           9           0         465
          20          10          10           0         622
          20          10          11           0         455
          20          10          12           0         565
          20          10          13           0         470
          20          10          14           0         539
          20           9           0           0         426
          20           9           1           0         606
          20           9           2           0         529
          20           9           3           0         445
          20           9           4           0         598
          20           9           5           0         533
          20           9           6           0         543
          20           9           7           0         577
          20           9           8           0         577
          20           9           9           0         404
          20           9          10           0         513
          20           9          11           0         618
          20           9          12           0         579
          20           9          13           0         611
          20           9          14           0         557
          20           8           0           0         391
          20           8           1           0         562
          20           8           2           0         586
          20           8           3           0         441
          20           8           4           0         510
          20           8           5           0         533
          20           8           6           0         633
          20           8           7           0         626
          20           8           8           0         565
          20           8           9           0         690
          20           8          10           0         392
          20           8          11           0         491
          20           8          12           0         567
          20           8          13           0         535
          20           8          14           0         501
          20           7           0           0         478
          20           7           1           0         577
          20           7           2           0         606
          20           7           3           0         628
          20           7           4           0         514
          20           7           5           0         322
          20           7           6           0         603
          20           7           7           0         506
          20           7           8           0         529
          20           7           9           0         617
          20           7          10           0         572
          20           7          11           0         579
          20           7          12           0         638
          20           7          13           0         553
          20           7          14           0         510
          20           6           0           0         703
          20           6           1           0         769
          20           6           2           0         626
          20           6           3           0         780
          20           6           4           0         724
          20           6           8           0         578
          20           6           9           0         500
          20           6          10           0         493
          20           6          11           0         499
          20           6          12           0         532
          20           3           0           0         522
          20           3           1           0         531
          20           3           2           0         424
          20           3           3           0         434
          20           3           4           0         444
          20           3           5           0         546
          20           3           6           0         665
          20           3           7           0         585
          20           3           8           0         643
          20           3           9           0         589
          20           3          10           0         797
          20           3          11           0         656
          20           2           0           0         630
          20           2           1           0         599
          20           2           2           0         460
          20           2           3           0         490
          20           2           4           0         595
          20           2           5           0         613
          20           2           6           0         656
          20           2           7           0         502
          20           2           8           0         696
          20           2           9           0         790
          20           2          10           0         451
          20           2          11           0         708
          20           1           0           0         607
          20           1           1           0         764
          20           1           2           0         637
          20           1           3           0         557
          20           1           4           0         689
          20           1           5           0         712
          20           1           6           0         771
          20           1           7           0         731
          20           1           8           0         662
          20           1           9           0         706
          20           1          10           0         663
          20           1          11           0         182
          20           5           0           0         579
          20           5           1           0         680
          20           5           2           0         617
          20           5           3           0         514
          20           5           4           0         665
          20           5           5           0         604
          20           5           6           0         453
          20           5           7           0         581
          20           5           8           0         448
          20           5           9           0         714
          20           5          10           0         558
          20           5          11           0         347
          20           5          12           0         334
          20           5          13           0         569
          20           5          14           0         570
          20           4           0           0         529
          20           4           1           0         596
          20           4           2           0         608
          20           4           3           0         640
          20           4           4           0         583
          20           4           5           0         567
          20           4           6           0         561
          20           4           7           0         419
          20           4           8           0         588
          20           4           9           0         443
          20           4          10           0         645
          20           4          11           0         583
          20           4          12           0         578
          20           4          13           0         558
          20           4          14           0         530
          20           0           0           0         676
          20           0           1           0         785
          20           0           2           0         621
          20           0           3           0         689
          20           0           4           0         759
          20           0           5           0         660
          20           0           6           0         922
          20           0           7           0         829
          20           0           8           0         669
          20           0           9           0         703
          20           0          10           0         748
          20           0          11           0         830
