          20          23           0           0         447
          20          23           1           0         550
          20          23           2           0         531
          20          23           3           0         463
          20          23           5           0         528
          20          23           6           0         555
          20          23           7           0         556
          20          23           8           0         555
          20          23          10           0         624
          20          23          11           0         670
          20          23          12           0         581
          20          23          13           0         528
          20          22           0           0         548
          20          22           1           0         573
          20          22           2           0         512
          20          22           3           0         516
          20          22           4           0         502
          20          22           5           0         460
          20          22           6           0         584
          20          22           7           0         477
          20          22           8           0         451
          20          22           9           0         519
          20          22          10           0         592
          20          22          11           0         612
          20          22          12           0         594
          20          22          13           0         572
          20          22          14           0         496
          20          21           1           0         624
          20          21           2           0         525
          20          21           3           0         537
          20          21           4           0         518
          20          21           5           0         479
          20          21           6           0         533
          20          21           7           0         581
          20          21           8           0         630
          20          21          10           0         578
          20          21          11           0         582
          20          21          12           0           0
          20          21          13           0           0
          20          20           0           0         566
          20          20           1           0         487
          20          20           2           0         544
          20          20           3           0         484
          20          20           4           0         583
          20          20           5           0         575
          20          20           6           0         598
          20          20           7           0         457
          20          20           8           0         417
          20          20           9           0         464
          20          20          10           0         583
          20          20          11           0         687
          20          20          12           0         719
          20          20          13           0         565
          20          20          14           0         555
          20          19           0           0         589
          20          19           1           0         476
          20          19           2           0         515
          20          19           3           0         472
          20          19           6           0         581
          20          19           7           0         531
          20          19           8           0         647
          20          19           9           0           0
          20          19          11           0         642
          20          19          12           0         530
          20          19          13           0         527
          20          19          14           0         551
          20          18           0           0         475
          20          18           1           0         517
          20          18           2           0         605
          20          18           3           0         532
          20          18           4           0         581
          20          18           5           0         578
          20          18           6           0         540
          20          18           7           0         547
          20          18           8           0         590
          20          18           9           0         535
          20          18          10           0         579
          20          18          11           0         669
          20          18          12           0         642
          20          18          13           0         601
          20          18          14           0         664
          20          17           1           0         621
          20          17           2           0         527
          20          17           3           0         511
          20          17           4           0         628
          20          17           6           0         683
          20          17           7           0         611
          20          17           8           0         661
          20          17           9           0         614
          20          17          10           0         451
          20          17          11           0         612
          20          17          12           0         686
          20          17          13           0         524
          20          16           0           0           0
          20          16           1           0         558
          20          16           2           0         567
          20          16           3           0         571
          20          16           4           0         478
          20          16           5           0         452
          20          16           6           0         468
          20          16           7           0         505
          20          16           8           0         512
          20          16           9           0         541
          20          16          10           0         509
          20          16          11           0         606
          20          16          12           0         502
          20          16          13           0         384
          20          16          14           0         572
          20          14           0           0         557
          20          14           1           0         580
          20          14           2           0         544
          20          14           3           0         527
          20          14           4           0         587
          20          14           5           0         388
          20          14           6           0         590
          20          14           7           0         603
          20          14           8           0         503
          20          14           9           0         543
          20          14          10           0         562
          20          14          11           0         625
          20          14          12           0         475
          20          14          13           0         546
          20          14          14           0         540
          20          13           0           0         517
          20          13           1           0         546
          20          13           2           0         580
          20          13           3           0         511
          20          13           4           0         547
          20          13           5           0         547
          20          13           6           0         560
          20          13           7           0         524
          20          13           8           0         552
          20          13           9           0         631
          20          13          10           0         557
          20          13          11           0         542
          20          13          12           0         439
          20          13          13           0         564
          20          13          14           0         566
          20          12           0           0         603
          20          12           1           0         574
          20          12           2           0         595
          20          12           3           0         758
          20          12           4           0         540
          20          12           5           0         648
          20          12           6           0         648
          20          12           7           0         457
          20          12           8           0         514
          20          12           9           0         316
          20          12          10           0         422
          20          12          11           0         328
          20          12          12           0         503
          20          12          13           0         537
          20          12          14           0         596
          20          11           0           0         518
          20          11           1           0         620
          20          11           2           0         587
          20          11           3           0         596
          20          11           4           0         691
          20          11           5           0         628
          20          11           6           0         489
          20          11           7           0         475
          20          11           8           0         371
          20          11           9           0         572
          20          11          10           0         631
          20          11          11           0         434
          20          11          12           0         526
          20          11          13           0         443
          20          11          14           0         596
          20          10           0           0         378
          20          10           1           0         554
          20          10           2           0         424
          20          10           3           0         453
          20          10           4           0         368
          20          10           5           0         609
          20          10           6           0         440
          20          10           7           0         643
          20          10           8           0         554
          20          10           9           0         475
          20          10          10           0         630
          20          10          11           0         454
          20          10          12           0         568
          20          10          13           0         476
          20          10          14           0         547
          20           9           0           0         419
          20           9           1           0         609
          20           9           2           0         526
          20           9           3           0         442
          20           9           4           0         597
          20           9           5           0         530
          20           9           6           0         546
          20           9           7           0         583
          20           9           8           0         577
          20           9           9           0         403
          20           9          10           0         514
          20           9          11           0         625
          20           9          12           0         576
          20           9          13           0         613
          20           9          14           0         561
          20           8           0           0         390
          20           8           1           0         562
          20           8           2           0         590
          20           8           3           0         441
          20           8           4           0         509
          20           8           5           0         529
          20           8           6           0         638
          20           8           7           0         624
          20           8           8           0         558
          20           8           9           0         694
          20           8          10           0         406
          20           8          11           0         489
          20           8          12           0         563
          20           8          13           0         540
          20           8          14           0         502
          20           7           0           0         480
          20           7           1           0         570
          20           7           2           0         610
          20           7           3           0         633
          20           7           4           0         516
          20           7           5           0         320
          20           7           6           0         600
          20           7           7           0         510
          20           7           8           0         526
          20           7           9           0         608
          20           7          10           0         564
          20           7          11           0         578
          20           7          12           0         639
          20           7          13           0         551
          20           7          14           0         501
          20           6           0           0         694
          20           6           1           0         769
          20           6           2           0         632
          20           6           3           0         773
          20           6           4           0         715
          20           6           8           0         530
          20           6           9           0         454
          20           6          10           0         492
          20           6          11           0         497
          20           6          12           0         526
          20           3           0           0         522
          20           3           1           0         474
          20           3           2           0         420
          20           3           3           0         434
          20           3           4           0         426
          20           3           5           0         538
          20           3           6           0         663
          20           3           7           0         574
          20           3           8           0         640
          20           3           9           0         589
          20           3          10           0         706
          20           3          11           0         648
          20           2           0           0         634
          20           2           1           0         599
          20           2           2           0         440
          20           2           3           0         483
          20           2           4           0         587
          20           2           5           0         610
          20           2           6           0         654
          20           2           7           0         507
          20           2           8           0         697
          20           2           9           0         792
          20           2          10           0         451
          20           2          11           0         706
          20           1           0           0         598
          20           1           1           0         761
          20           1           2           0         638
          20           1           3           0         558
          20           1           4           0         684
          20           1           5           0         711
          20           1           6           0         767
          20           1           7           0         716
          20           1           8           0         658
          20           1           9           0         702
          20           1          10           0         661
          20           1          11           0         183
          20           5           0           0         575
          20           5           1           0         659
          20           5           2           0         621
          20           5           3           0         494
          20           5           4           0         654
          20           5           5           0         610
          20           5           6           0         447
          20           5           7           0         583
          20           5           8           0         448
          20           5           9           0         715
          20           5          10           0         545
          20           5          11           0         343
          20           5          12           0         330
          20           5          13           0         558
          20           5          14           0         566
          20           4           0           0         520
          20           4           1           0         597
          20           4           2           0         603
          20           4           3           0         637
          20           4           4           0         573
          20           4           5           0         567
          20           4           6           0         553
          20           4           7           0         410
          20           4           8           0         573
          20           4           9           0         450
          20           4          10           0         593
          20           4          11           0         538
          20           4          12           0         580
          20           4          13           0         545
          20           4          14           0         498
          20           0           0           0         663
          20           0           1           0         751
          20           0           2           0         589
          20           0           3           0         678
          20           0           4           0         745
          20           0           5           0         569
          20           0           6           0         837
          20           0           7           0         820
          20           0           8           0         658
          20           0           9           0         639
          20           0          10           0         666
          20           0          11           0         827
