           7           0         202         686
           7           1         383         918
           7           2         248         781
           7           3         345         944
           7           4         227         861
           7           8         263         791
           7           9         258         710
           7          10         270         810
           7          11         242         683
           7          12         358         885
           4           0         236         700
           4           1         250         649
           4           2         221         563
           4           3         310         610
           4           4         469         790
           4           5         468         744
           4           6         292         540
           4           7         366         603
           4           8         332         583
           4           9         254         556
           4          10         282         620
           4          11         246         647
          15           0         443         623
          15           1         549         756
          15           2         461         656
          15           3         584         828
          15           4         342         564
          15           5         523         771
          15           6         562         823
          15           7         539         783
          15           8         569         792
          15           9         533         742
          15          10         450         669
          15          11         429         668
          14           0         546         790
          14           1         435         621
          14           2         372         595
          14           3         612         781
          14           4         407         562
          14           5         523         719
          14           6         508         697
          14           7         362         547
          14           8         433         644
          14           9         551         792
          14          10         603         822
          14          11         518         713
           6           0         513         795
           6           1         544         847
           6           2         424         710
           6           3         574         899
           6           4         533         794
           6           5         451         670
           6           6         280         526
           6           7         225         469
           6           8         469         756
           6           9         451         749
           6          10         412         767
           6          11         366         781
           6          12         381         745
           6          13         292         607
           6          14         415         714
           5           0         412         633
           5           1         375         621
           5           2         374         634
           5           3         356         639
           5           4         377         665
           5           5         432         612
           5           6         429         640
           5           7         273         482
           5           8         259         436
           5           9         284         469
           5          10         372         631
           5          11         436         672
           5          12         391         683
           5          13         324         549
           5          14         497         712
          13           0         457         646
          13           1         420         605
          13           2         506         692
          13           3         475         638
          13           4         602         770
          13           5         657         819
          13           6         588         775
          13           7         387         585
          13           8         525         696
          13           9         569         775
          13          10         598         797
          13          11         583         776
