          20          23           0           0         463
          20          23           1           0         555
          20          23           2           0         531
          20          23           3           0         473
          20          23           5           0         542
          20          23           6           0         562
          20          23           7           0         571
          20          23           8           0         564
          20          23          10           0         643
          20          23          11           0         683
          20          23          12           0         581
          20          23          13           0         551
          20          22           0           0         552
          20          22           1           0         571
          20          22           2           0         519
          20          22           3           0         532
          20          22           4           0         508
          20          22           5           0         477
          20          22           6           0         594
          20          22           7           0         486
          20          22           8           0         460
          20          22           9           0         539
          20          22          10           0         613
          20          22          11           0         593
          20          22          12           0         590
          20          22          13           0         562
          20          22          14           0         545
          20          21           1           0         630
          20          21           2           0         533
          20          21           3           0         548
          20          21           4           0         535
          20          21           5           0         483
          20          21           6           0         531
          20          21           7           0         586
          20          21           8           0         635
          20          21          10           0         599
          20          21          11           0         620
          20          21          12           0           0
          20          21          13           0           0
          20          20           0           0         572
          20          20           1           0         492
          20          20           2           0         550
          20          20           3           0         484
          20          20           4           0         596
          20          20           5           0         588
          20          20           6           0         602
          20          20           7           0         471
          20          20           8           0         422
          20          20           9           0         462
          20          20          10           0         598
          20          20          11           0         696
          20          20          12           0         713
          20          20          13           0         559
          20          20          14           0         554
          20          19           0           0         617
          20          19           1           0         477
          20          19           2           0         517
          20          19           3           0         479
          20          19           6           0         610
          20          19           7           0         558
          20          19           8           0         647
          20          19           9           0           0
          20          19          11           0         658
          20          19          12           0         541
          20          19          13           0         532
          20          19          14           0         549
          20          18           0           0         476
          20          18           1           0         510
          20          18           2           0         603
          20          18           3           0         529
          20          18           4           0         585
          20          18           5           0         585
          20          18           6           0         548
          20          18           7           0         559
          20          18           8           0         589
          20          18           9           0         538
          20          18          10           0         593
          20          18          11           0         670
          20          18          12           0         652
          20          18          13           0         599
          20          18          14           0         680
          20          17           1           0         637
          20          17           2           0         529
          20          17           3           0         516
          20          17           4           0         630
          20          17           6           0         691
          20          17           7           0         617
          20          17           8           0         679
          20          17           9           0         618
          20          17          10           0         458
          20          17          11           0         617
          20          17          12           0         694
          20          17          13           0         562
          20          16           0           0           0
          20          16           1           0         557
          20          16           2           0         566
          20          16           3           0         578
          20          16           4           0         480
          20          16           5           0         466
          20          16           6           0         477
          20          16           7           0         510
          20          16           8           0         526
          20          16           9           0         548
          20          16          10           0         528
          20          16          11           0         611
          20          16          12           0         511
          20          16          13           0         389
          20          16          14           0         603
          20          14           0           0         562
          20          14           1           0         575
          20          14           2           0         529
          20          14           3           0         527
          20          14           4           0         575
          20          14           5           0         383
          20          14           6           0         590
          20          14           7           0         599
          20          14           8           0         505
          20          14           9           0         543
          20          14          10           0         565
          20          14          11           0         638
          20          14          12           0         473
          20          14          13           0         546
          20          14          14           0         536
          20          13           0           0         515
          20          13           1           0         546
          20          13           2           0         585
          20          13           3           0         516
          20          13           4           0         552
          20          13           5           0         548
          20          13           6           0         561
          20          13           7           0         526
          20          13           8           0         559
          20          13           9           0         639
          20          13          10           0         557
          20          13          11           0         544
          20          13          12           0         434
          20          13          13           0         567
          20          13          14           0         569
          20          12           0           0         592
          20          12           1           0         547
          20          12           2           0         585
          20          12           3           0         757
          20          12           4           0         542
          20          12           5           0         647
          20          12           6           0         640
          20          12           7           0         439
          20          12           8           0         520
          20          12           9           0         313
          20          12          10           0         416
          20          12          11           0         318
          20          12          12           0         510
          20          12          13           0         527
          20          12          14           0         597
          20          11           0           0         523
          20          11           1           0         616
          20          11           2           0         584
          20          11           3           0         586
          20          11           4           0         698
          20          11           5           0         623
          20          11           6           0         483
          20          11           7           0         479
          20          11           8           0         372
          20          11           9           0         563
          20          11          10           0         621
          20          11          11           0         423
          20          11          12           0         528
          20          11          13           0         428
          20          11          14           0         594
          20          10           0           0         370
          20          10           1           0         549
          20          10           2           0         407
          20          10           3           0         438
          20          10           4           0         359
          20          10           5           0         599
          20          10           6           0         428
          20          10           7           0         643
          20          10           8           0         554
          20          10           9           0         466
          20          10          10           0         629
          20          10          11           0         449
          20          10          12           0         567
          20          10          13           0         473
          20          10          14           0         547
          20           9           0           0         426
          20           9           1           0         609
          20           9           2           0         526
          20           9           3           0         443
          20           9           4           0         602
          20           9           5           0         532
          20           9           6           0         544
          20           9           7           0         577
          20           9           8           0         576
          20           9           9           0         402
          20           9          10           0         515
          20           9          11           0         621
          20           9          12           0         577
          20           9          13           0         615
          20           9          14           0         555
          20           8           0           0         393
          20           8           1           0         566
          20           8           2           0         585
          20           8           3           0         451
          20           8           4           0         510
          20           8           5           0         538
          20           8           6           0         630
          20           8           7           0         625
          20           8           8           0         567
          20           8           9           0         692
          20           8          10           0         399
          20           8          11           0         484
          20           8          12           0         566
          20           8          13           0         538
          20           8          14           0         504
          20           7           0           0         480
          20           7           1           0         575
          20           7           2           0         602
          20           7           3           0         628
          20           7           4           0         520
          20           7           5           0         319
          20           7           6           0         601
          20           7           7           0         509
          20           7           8           0         527
          20           7           9           0         618
          20           7          10           0         564
          20           7          11           0         577
          20           7          12           0         641
          20           7          13           0         549
          20           7          14           0         493
          20           6           0           0         698
          20           6           1           0         773
          20           6           2           0         630
          20           6           3           0         775
          20           6           4           0         718
          20           6           8           0         533
          20           6           9           0         454
          20           6          10           0         495
          20           6          11           0         499
          20           6          12           0         530
          20           3           0           0         526
          20           3           1           0         479
          20           3           2           0         426
          20           3           3           0         436
          20           3           4           0         428
          20           3           5           0         539
          20           3           6           0         663
          20           3           7           0         579
          20           3           8           0         642
          20           3           9           0         596
          20           3          10           0         710
          20           3          11           0         649
          20           2           0           0         632
          20           2           1           0         599
          20           2           2           0         441
          20           2           3           0         489
          20           2           4           0         588
          20           2           5           0         616
          20           2           6           0         654
          20           2           7           0         503
          20           2           8           0         696
          20           2           9           0         797
          20           2          10           0         455
          20           2          11           0         710
          20           1           0           0         599
          20           1           1           0         758
          20           1           2           0         641
          20           1           3           0         557
          20           1           4           0         688
          20           1           5           0         713
          20           1           6           0         773
          20           1           7           0         716
          20           1           8           0         665
          20           1           9           0         702
          20           1          10           0         660
          20           1          11           0         183
          20           5           0           0         573
          20           5           1           0         657
          20           5           2           0         620
          20           5           3           0         495
          20           5           4           0         656
          20           5           5           0         609
          20           5           6           0         449
          20           5           7           0         578
          20           5           8           0         450
          20           5           9           0         710
          20           5          10           0         550
          20           5          11           0         342
          20           5          12           0         335
          20           5          13           0         561
          20           5          14           0         566
          20           4           0           0         521
          20           4           1           0         596
          20           4           2           0         601
          20           4           3           0         637
          20           4           4           0         576
          20           4           5           0         568
          20           4           6           0         555
          20           4           7           0         411
          20           4           8           0         585
          20           4           9           0         447
          20           4          10           0         591
          20           4          11           0         539
          20           4          12           0         575
          20           4          13           0         550
          20           4          14           0         497
          20           0           0           0         662
          20           0           1           0         748
          20           0           2           0         586
          20           0           3           0         669
          20           0           4           0         745
          20           0           5           0         567
          20           0           6           0         836
          20           0           7           0         823
          20           0           8           0         660
          20           0           9           0         635
          20           0          10           0         668
          20           0          11           0         830
