           7           8           0         684        1090
           7           8           1         498        1210
           7           8           2         599        1249
           7           8           3         538         977
           7           8           4         644        1096
           7           8           8         631        1119
           7           8           9         708        1360
           7           8          10         694        1282
           7           8          11         728        1295
           7           8          12         661        1153
           7           5           0         807        1165
           7           5           1         818        1140
           7           5           2         874        1249
           7           5           3         613         919
           7           5           4         916        1221
           7           5           5         859        1165
           7           5           6         810        1132
           7           5           7         758        1068
           7           5           8         756        1091
           7           5           9         903        1199
           7           5          10         885        1203
           7           5          11         708        1064
           7           4           0         758         981
           7           4           1         894        1072
           7           4           2         914        1129
           7           4           3         856        1083
           7           4           4         771         964
           7           4           5         830        1067
           7           4           6         666         941
           7           4           7         738        1021
           7           4           8         710        1107
           7           4           9         729        1063
           7           4          10         811        1105
           7           4          11         699        1049
           7           3           0         763         977
           7           3           1         875        1057
           7           3           2         798        1009
           7           3           3         884        1105
           7           3           4         804        1063
           7           3           5         768        1018
           7           3           6         834        1073
           7           3           7         683         930
           7           3           8         800        1048
           7           3           9         887        1128
           7           3          10         822        1054
           7           3          11         948        1173
           7           7           0         581        1048
           7           7           1         663        1193
           7           7           2         581        1115
           7           7           3         572        1143
           7           7           4         624        1179
           7           7           5         675         921
           7           7           6         822        1253
           7           7           7         652         977
           7           7           8         712        1050
           7           7           9         856        1218
           7           7          10         852        1152
           7           7          11         737        1101
           7           7          12         736        1105
           7           7          13         852        1241
           7           7          14         695        1110
           7           6           0         548         928
           7           6           1         479         930
           7           6           2         593        1037
           7           6           3         684        1156
           7           6           4         598        1098
           7           6           5         667        1095
           7           6           6         702        1262
           7           6           7         787        1144
           7           6           8         635        1000
           7           6           9         909        1227
           7           6          10         743        1352
           7           6          11         649        1332
           7           6          12         624        1320
           7           6          13         622        1260
           7           6          14         607        1271
           7           2           0         753        1046
           7           2           1         829        1050
           7           2           2         779         994
           7           2           3         833        1021
           7           2           4         960        1163
           7           2           5         828        1011
           7           2           6         955        1190
           7           2           7         909        1161
           7           2           8         888        1147
           7           2           9         828        1134
           7           2          10         851        1208
           7           2          11         841        1227
           4          16           0         740        1211
           4          16           1         681        1190
           4          16           2         637        1193
           4          16           3         695        1198
           4          16           4         644        1201
           4          16           8         866        1269
           4          16           9         679        1077
           4          16          10         733        1154
           4          16          11         845        1266
           4          16          12         956        1436
           4          13           0         842        1159
           4          13           1         794        1068
           4          13           2         864        1138
           4          13           3         732        1010
           4          13           4         871        1173
           4          13           5         782        1092
           4          13           6         786        1153
           4          13           7         857        1203
           4          13           8         823        1192
           4          13           9         739        1084
           4          13          10         655        1013
           4          13          11         798        1121
           4          12           0         665         849
           4          12           1         758         929
           4          12           2         871        1071
           4          12           3         870        1153
           4          12           4         945        1258
           4          12           5         680         950
           4          12           6         832        1140
           4          12           7         774        1113
           4          12           8         765        1096
           4          12           9         898        1219
           4          12          10         693         989
           4          12          11         861        1137
           4          11           0        1024        1235
           4          11           1         838        1030
           4          11           2         940        1137
           4          11           3         879        1138
           4          11           4         821        1226
           4          11           5         912        1300
           4          11           6         971        1229
           4          11           7         847        1127
           4          11           8         873        1081
           4          11           9         936        1182
           4          11          10         891        1074
           4          11          11         776         982
           4          15           0         736         918
           4          15           1         730         950
           4          15           2         779        1016
           4          15           3         687         933
           4          15           4         640         877
           4          15           5         623         831
           4          15           6         769         994
           4          15           7         850        1091
           4          15           8         624         968
           4          15           9         784        1078
           4          15          10         929        1162
           4          15          11         759        1025
           4          15          12         779        1019
           4          15          13         737         968
           4          15          14         626         880
           4          14           0         643        1013
           4          14           1         655        1005
           4          14           2         745        1094
           4          14           3         556         923
           4          14           4         801        1182
           4          14           5         866        1208
           4          14           6         671         998
           4          14           7         816        1182
           4          14           8         881        1175
           4          14           9         886        1139
           4          14          10         831        1053
           4          14          11         920        1163
           4          14          12         809        1087
           4          14          13         731        1019
           4          14          14         750        1031
           4          10           0         687         887
           4          10           1         916        1069
           4          10           2         821        1043
           4          10           3        1006        1197
           4          10           4         901        1081
           4          10           5         780         997
           4          10           6         860        1068
           4          10           7         896        1076
           4          10           8         764         957
           4          10           9         947        1133
           4          10          10         986        1195
           4          10          11         772         965
           4           8           0         556        1009
           4           8           1         568        1052
           4           8           2         553        1065
           4           8           3         733        1263
           4           8           4         707        1215
           4           8           8         646        1355
           4           8           9         449        1130
           4           8          10         602        1404
           4           8          11         549        1309
           4           8          12         748        1384
           4           5           0         742        1225
           4           5           1         620        1023
           4           5           2         889        1317
           4           5           3         616        1046
           4           5           4         761        1187
           4           5           5         617         993
           4           5           6         786        1201
           4           5           7         841        1233
           4           5           8         863        1234
           4           5           9         847        1197
           4           5          10         707        1052
           4           5          11         869        1202
           4           4           0         832        1141
           4           4           1         750        1025
           4           4           2         858        1121
           4           4           3         782        1051
           4           4           4         888        1161
           4           4           5         697        1054
           4           4           6         855        1140
           4           4           7         862        1149
           4           4           8         676         922
           4           4           9         847        1054
           4           4          10         772         992
           4           4          11         920        1178
           4           3           0         724         999
           4           3           1         688         913
           4           3           2         915        1169
           4           3           3         736         973
           4           3           4         893        1158
           4           3           5         702         948
           4           3           6         828        1130
           4           3           7         962        1225
           4           3           8         739         992
           4           3           9         789        1047
           4           3          10        1008        1253
           4           3          11         812        1043
           4           7           0         693        1039
           4           7           1         767        1080
           4           7           2         788        1116
           4           7           3         707        1082
           4           7           4         742        1099
           4           7           5         689        1020
           4           7           6         544         824
           4           7           7         826        1164
           4           7           8         617         929
           4           7           9         478         794
           4           7          10         710        1142
           4           7          11         679        1079
           4           7          12         757        1222
           4           7          13         786        1226
           4           7          14         902        1325
           4           6           0         689        1037
           4           6           1         745        1046
           4           6           2         762        1114
           4           6           3         734        1081
           4           6           4         747        1053
           4           6           5         548         910
           4           6           6         748        1150
           4           6           7         744        1170
           4           6           8         545         970
           4           6           9         731        1115
           4           6          10         592        1032
           4           6          11         736        1102
           4           6          12         773        1207
           4           6          13         535         901
           4           6          14         794        1180
           4           2           0         896        1196
           4           2           1         887        1138
           4           2           2         886        1167
           4           2           3         811        1097
           4           2           4         954        1275
           4           2           5         868        1199
           4           2           6         983        1305
           4           2           7         931        1259
           4           2           8         751        1032
           4           2           9         916        1199
           4           2          10         907        1179
           4           2          11         741        1034
           3          16           0         796        1185
           3          16           1         771        1208
           3          16           2         752        1182
           3          16           3         657        1101
           3          16           4         769        1202
           3          16           8         714        1315
           3          16           9         663        1295
           3          16          10         595        1156
           3          16          11         587        1139
           3          16          12         632        1201
           3          13           0         825        1155
           3          13           1         780        1136
           3          13           2         700        1184
           3          13           3         759        1154
           3          13           4         826        1164
           3          13           5         846        1151
           3          13           6         863        1193
           3          13           7         868        1162
           3          13           8         852        1126
           3          13           9         776        1079
           3          13          10         667        1030
           3          13          11         751        1077
           3          12           0         767        1197
           3          12           1         831        1197
           3          12           2        1372        1556
           3          12           3         702        1057
           3          12           4         961        1324
           3          12           5         856        1280
           3          12           6         853        1160
           3          12           7         837        1107
           3          12           8         933        1234
           3          12           9         909        1182
           3          12          10         921        1196
           3          12          11        1022        1328
           3          11           0         851        1043
           3          11           1         932        1117
           3          11           2         849        1055
           3          11           3         741        1107
           3          11           4         700         946
           3          11           5         667        1048
           3          11           6         651        1025
           3          11           7         898        1212
           3          11           8         897        1235
           3          11           9         684         980
           3          11          10         877        1171
           3          11          11         686         954
           3          15           0         791        1096
           3          15           1         828        1118
           3          15           2         776        1079
           3          15           3         793        1133
           3          15           4         621         937
           3          15           5         695        1048
           3          15           6         755        1114
           3          15           7         681        1132
           3          15           8         756        1165
           3          15           9         736        1100
           3          15          10         268         834
           3          15          11         565        1192
           3          15          12         571        1240
           3          15          13         576        1229
           3          15          14         540        1190
           3          14           0         866        1262
           3          14           1         797        1239
           3          14           2         695        1143
           3          14           3         713        1162
           3          14           4         834        1281
           3          14           5         774        1034
           3          14           6         810        1097
           3          14           7         660         976
           3          14           8         771        1063
           3          14           9         830        1106
           3          14          10         889        1109
           3          14          11         665         961
           3          14          12         666        1006
           3          14          13         704        1017
           3          14          14         572         921
           3          10           0         781        1081
           3          10           1         876        1081
           3          10           2         872        1066
           3          10           3         785         953
           3          10           4         746         964
           3          10           5         856        1081
           3          10           6         853        1078
           3          10           7         804        1022
           3          10           8         743         948
           3          10           9         882        1062
           3          10          10         836        1035
           3          10          11         816        1045
           3           8           0         715        1170
           3           8           1         669        1269
           3           8           2         645        1235
           3           8           3         595        1182
           3           8           4         601        1216
           3           8           8         757        1274
           3           8           9         651        1190
           3           8          10         542        1211
           3           8          11         581        1174
           3           8          12         728        1208
           3           5           0         790        1138
           3           5           1         798        1131
           3           5           2         838        1181
           3           5           3         888        1256
           3           5           4         865        1207
           3           5           5         715        1077
           3           5           6         753        1128
           3           5           7         741        1140
           3           5           8         752        1177
           3           5           9         836        1244
           3           5          10         769        1196
           3           5          11         780        1168
           3           4           0        1002        1201
           3           4           1         939        1145
           3           4           2         730         965
           3           4           3        1012        1318
           3           4           4         784        1180
           3           4           5         752        1027
           3           4           6         867        1164
           3           4           7         794        1060
           3           4           8        1007        1284
           3           4           9         899        1186
           3           4          10         820        1065
           3           4          11         943        1138
           3           3           0         713         914
           3           3           1         766         928
           3           3           2         738         933
           3           3           3         776        1204
           3           3           4         819        1100
           3           3           5         767        1061
           3           3           6         861        1148
           3           3           7         770        1068
           3           3           8         754        1107
           3           3           9         957        1187
           3           3          10         762         976
           3           3          11         667         873
           3           7           0         749         996
           3           7           1         701        1021
           3           7           2         698        1021
           3           7           3         826        1214
           3           7           4         783        1109
           3           7           5         695         927
           3           7           6         945        1226
           3           7           7         910        1196
           3           7           8         913        1142
           3           7           9         851        1078
           3           7          10         820        1105
           3           7          11         598         856
           3           7          12         782        1048
           3           7          13         876        1148
           3           7          14         684         937
           3           6           0         740        1038
           3           6           1         781        1040
           3           6           2         801        1081
           3           6           3         774        1055
           3           6           4         726         998
           3           6           5         844        1147
           3           6           6         672        1041
           3           6           7         615         902
           3           6           8         828        1106
           3           6           9         718         949
           3           6          10         786        1091
           3           6          11         618         926
           3           6          12         773        1091
           3           6          13         811        1095
           3           6          14         737        1025
           3           2           0         892        1099
           3           2           1         908        1085
           3           2           2         652         847
           3           2           3         771         975
           3           2           4         659         919
           3           2           5         782        1054
           3           2           6         712         989
           3           2           7         783        1053
           3           2           8         915        1218
           3           2           9         707         972
           3           2          10         880        1136
           3           2          11         715         960
