           7           8           0           0        1090
           7           8           1           0        1210
           7           8           2           0        1249
           7           8           3           0         977
           7           8           4           0        1096
           7           8           8           0        1119
           7           8           9           0        1360
           7           8          10           0        1282
           7           8          11           0        1295
           7           8          12           0        1153
           7           5           0           0        1165
           7           5           1           0        1140
           7           5           2           0        1249
           7           5           3           0         919
           7           5           4           0        1221
           7           5           5           0        1165
           7           5           6           0        1132
           7           5           7           0        1068
           7           5           8           0        1091
           7           5           9           0        1199
           7           5          10           0        1203
           7           5          11           0        1064
           7           4           0           0         981
           7           4           1           0        1072
           7           4           2           0        1129
           7           4           3           0        1083
           7           4           4           0         964
           7           4           5           0        1067
           7           4           6           0         941
           7           4           7           0        1021
           7           4           8           0        1107
           7           4           9           0        1063
           7           4          10           0        1105
           7           4          11           0        1049
           7           3           0           0         977
           7           3           1           0        1057
           7           3           2           0        1009
           7           3           3           0        1105
           7           3           4           0        1063
           7           3           5           0        1018
           7           3           6           0        1073
           7           3           7           0         930
           7           3           8           0        1048
           7           3           9           0        1128
           7           3          10           0        1054
           7           3          11           0        1173
           7           7           0           0        1048
           7           7           1           0        1193
           7           7           2           0        1115
           7           7           3           0        1143
           7           7           4           0        1179
           7           7           5           0         921
           7           7           6           0        1253
           7           7           7           0         977
           7           7           8           0        1050
           7           7           9           0        1218
           7           7          10           0        1152
           7           7          11           0        1101
           7           7          12           0        1105
           7           7          13           0        1241
           7           7          14           0        1110
           7           6           0           0         928
           7           6           1           0         930
           7           6           2           0        1037
           7           6           3           0        1156
           7           6           4           0        1098
           7           6           5           0        1095
           7           6           6           0        1262
           7           6           7           0        1144
           7           6           8           0        1000
           7           6           9           0        1227
           7           6          10           0        1352
           7           6          11           0        1332
           7           6          12           0        1320
           7           6          13           0        1260
           7           6          14           0        1271
           7           2           0           0        1046
           7           2           1           0        1050
           7           2           2           0         994
           7           2           3           0        1021
           7           2           4           0        1163
           7           2           5           0        1011
           7           2           6           0        1190
           7           2           7           0        1161
           7           2           8           0        1147
           7           2           9           0        1134
           7           2          10           0        1208
           7           2          11           0        1227
           4          16           0           0        1211
           4          16           1           0        1190
           4          16           2           0        1193
           4          16           3           0        1198
           4          16           4           0        1201
           4          16           8           0        1269
           4          16           9           0        1077
           4          16          10           0        1154
           4          16          11           0        1266
           4          16          12           0        1436
           4          13           0           0        1159
           4          13           1           0        1068
           4          13           2           0        1138
           4          13           3           0        1010
           4          13           4           0        1173
           4          13           5           0        1092
           4          13           6           0        1153
           4          13           7           0        1203
           4          13           8           0        1192
           4          13           9           0        1084
           4          13          10           0        1013
           4          13          11           0        1121
           4          12           0           0         849
           4          12           1           0         929
           4          12           2           0        1071
           4          12           3           0        1153
           4          12           4           0        1258
           4          12           5           0         950
           4          12           6           0        1140
           4          12           7           0        1113
           4          12           8           0        1096
           4          12           9           0        1219
           4          12          10           0         989
           4          12          11           0        1137
           4          11           0           0        1235
           4          11           1           0        1030
           4          11           2           0        1137
           4          11           3           0        1138
           4          11           4           0        1226
           4          11           5           0        1300
           4          11           6           0        1229
           4          11           7           0        1127
           4          11           8           0        1081
           4          11           9           0        1182
           4          11          10           0        1074
           4          11          11           0         982
           4          15           0           0         918
           4          15           1           0         950
           4          15           2           0        1016
           4          15           3           0         933
           4          15           4           0         877
           4          15           5           0         831
           4          15           6           0         994
           4          15           7           0        1091
           4          15           8           0         968
           4          15           9           0        1078
           4          15          10           0        1162
           4          15          11           0        1025
           4          15          12           0        1019
           4          15          13           0         968
           4          15          14           0         880
           4          14           0           0        1013
           4          14           1           0        1005
           4          14           2           0        1094
           4          14           3           0         923
           4          14           4           0        1182
           4          14           5           0        1208
           4          14           6           0         998
           4          14           7           0        1182
           4          14           8           0        1175
           4          14           9           0        1139
           4          14          10           0        1053
           4          14          11           0        1163
           4          14          12           0        1087
           4          14          13           0        1019
           4          14          14           0        1031
           4          10           0           0         887
           4          10           1           0        1069
           4          10           2           0        1043
           4          10           3           0        1197
           4          10           4           0        1081
           4          10           5           0         997
           4          10           6           0        1068
           4          10           7           0        1076
           4          10           8           0         957
           4          10           9           0        1133
           4          10          10           0        1195
           4          10          11           0         965
           4           8           0           0        1009
           4           8           1           0        1052
           4           8           2           0        1065
           4           8           3           0        1263
           4           8           4           0        1215
           4           8           8           0        1355
           4           8           9           0        1130
           4           8          10           0        1404
           4           8          11           0        1309
           4           8          12           0        1384
           4           5           0           0        1225
           4           5           1           0        1023
           4           5           2           0        1317
           4           5           3           0        1046
           4           5           4           0        1187
           4           5           5           0         993
           4           5           6           0        1201
           4           5           7           0        1233
           4           5           8           0        1234
           4           5           9           0        1197
           4           5          10           0        1052
           4           5          11           0        1202
           4           4           0           0        1141
           4           4           1           0        1025
           4           4           2           0        1121
           4           4           3           0        1051
           4           4           4           0        1161
           4           4           5           0        1054
           4           4           6           0        1140
           4           4           7           0        1149
           4           4           8           0         922
           4           4           9           0        1054
           4           4          10           0         992
           4           4          11           0        1178
           4           3           0           0         999
           4           3           1           0         913
           4           3           2           0        1169
           4           3           3           0         973
           4           3           4           0        1158
           4           3           5           0         948
           4           3           6           0        1130
           4           3           7           0        1225
           4           3           8           0         992
           4           3           9           0        1047
           4           3          10           0        1253
           4           3          11           0        1043
           4           7           0           0        1039
           4           7           1           0        1080
           4           7           2           0        1116
           4           7           3           0        1082
           4           7           4           0        1099
           4           7           5           0        1020
           4           7           6           0         824
           4           7           7           0        1164
           4           7           8           0         929
           4           7           9           0         794
           4           7          10           0        1142
           4           7          11           0        1079
           4           7          12           0        1222
           4           7          13           0        1226
           4           7          14           0        1325
           4           6           0           0        1037
           4           6           1           0        1046
           4           6           2           0        1114
           4           6           3           0        1081
           4           6           4           0        1053
           4           6           5           0         910
           4           6           6           0        1150
           4           6           7           0        1170
           4           6           8           0         970
           4           6           9           0        1115
           4           6          10           0        1032
           4           6          11           0        1102
           4           6          12           0        1207
           4           6          13           0         901
           4           6          14           0        1180
           4           2           0           0        1196
           4           2           1           0        1138
           4           2           2           0        1167
           4           2           3           0        1097
           4           2           4           0        1275
           4           2           5           0        1199
           4           2           6           0        1305
           4           2           7           0        1259
           4           2           8           0        1032
           4           2           9           0        1199
           4           2          10           0        1179
           4           2          11           0        1034
           3          16           0           0        1185
           3          16           1           0        1208
           3          16           2           0        1182
           3          16           3           0        1101
           3          16           4           0        1202
           3          16           8           0        1315
           3          16           9           0        1295
           3          16          10           0        1156
           3          16          11           0        1139
           3          16          12           0        1201
           3          13           0           0        1155
           3          13           1           0        1136
           3          13           2           0        1184
           3          13           3           0        1154
           3          13           4           0        1164
           3          13           5           0        1151
           3          13           6           0        1193
           3          13           7           0        1162
           3          13           8           0        1126
           3          13           9           0        1079
           3          13          10           0        1030
           3          13          11           0        1077
           3          12           0           0        1197
           3          12           1           0        1197
           3          12           2           0        1556
           3          12           3           0        1057
           3          12           4           0        1324
           3          12           5           0        1280
           3          12           6           0        1160
           3          12           7           0        1107
           3          12           8           0        1234
           3          12           9           0        1182
           3          12          10           0        1196
           3          12          11           0        1328
           3          11           0           0        1043
           3          11           1           0        1117
           3          11           2           0        1055
           3          11           3           0        1107
           3          11           4           0         946
           3          11           5           0        1048
           3          11           6           0        1025
           3          11           7           0        1212
           3          11           8           0        1235
           3          11           9           0         980
           3          11          10           0        1171
           3          11          11           0         954
           3          15           0           0        1096
           3          15           1           0        1118
           3          15           2           0        1079
           3          15           3           0        1133
           3          15           4           0         937
           3          15           5           0        1048
           3          15           6           0        1114
           3          15           7           0        1132
           3          15           8           0        1165
           3          15           9           0        1100
           3          15          10           0         834
           3          15          11           0        1192
           3          15          12           0        1240
           3          15          13           0        1229
           3          15          14           0        1190
           3          14           0           0        1262
           3          14           1           0        1239
           3          14           2           0        1143
           3          14           3           0        1162
           3          14           4           0        1281
           3          14           5           0        1034
           3          14           6           0        1097
           3          14           7           0         976
           3          14           8           0        1063
           3          14           9           0        1106
           3          14          10           0        1109
           3          14          11           0         961
           3          14          12           0        1006
           3          14          13           0        1017
           3          14          14           0         921
           3          10           0           0        1081
           3          10           1           0        1081
           3          10           2           0        1066
           3          10           3           0         953
           3          10           4           0         964
           3          10           5           0        1081
           3          10           6           0        1078
           3          10           7           0        1022
           3          10           8           0         948
           3          10           9           0        1062
           3          10          10           0        1035
           3          10          11           0        1045
           3           8           0           0        1170
           3           8           1           0        1269
           3           8           2           0        1235
           3           8           3           0        1182
           3           8           4           0        1216
           3           8           8           0        1274
           3           8           9           0        1190
           3           8          10           0        1211
           3           8          11           0        1174
           3           8          12           0        1208
           3           5           0           0        1138
           3           5           1           0        1131
           3           5           2           0        1181
           3           5           3           0        1256
           3           5           4           0        1207
           3           5           5           0        1077
           3           5           6           0        1128
           3           5           7           0        1140
           3           5           8           0        1177
           3           5           9           0        1244
           3           5          10           0        1196
           3           5          11           0        1168
           3           4           0           0        1201
           3           4           1           0        1145
           3           4           2           0         965
           3           4           3           0        1318
           3           4           4           0        1180
           3           4           5           0        1027
           3           4           6           0        1164
           3           4           7           0        1060
           3           4           8           0        1284
           3           4           9           0        1186
           3           4          10           0        1065
           3           4          11           0        1138
           3           3           0           0         914
           3           3           1           0         928
           3           3           2           0         933
           3           3           3           0        1204
           3           3           4           0        1100
           3           3           5           0        1061
           3           3           6           0        1148
           3           3           7           0        1068
           3           3           8           0        1107
           3           3           9           0        1187
           3           3          10           0         976
           3           3          11           0         873
           3           7           0           0         996
           3           7           1           0        1021
           3           7           2           0        1021
           3           7           3           0        1214
           3           7           4           0        1109
           3           7           5           0         927
           3           7           6           0        1226
           3           7           7           0        1196
           3           7           8           0        1142
           3           7           9           0        1078
           3           7          10           0        1105
           3           7          11           0         856
           3           7          12           0        1048
           3           7          13           0        1148
           3           7          14           0         937
           3           6           0           0        1038
           3           6           1           0        1040
           3           6           2           0        1081
           3           6           3           0        1055
           3           6           4           0         998
           3           6           5           0        1147
           3           6           6           0        1041
           3           6           7           0         902
           3           6           8           0        1106
           3           6           9           0         949
           3           6          10           0        1091
           3           6          11           0         926
           3           6          12           0        1091
           3           6          13           0        1095
           3           6          14           0        1025
           3           2           0           0        1099
           3           2           1           0        1085
           3           2           2           0         847
           3           2           3           0         975
           3           2           4           0         919
           3           2           5           0        1054
           3           2           6           0         989
           3           2           7           0        1053
           3           2           8           0        1218
           3           2           9           0         972
           3           2          10           0        1136
           3           2          11           0         960
